2.13768162
1.908299785
1.700915909
1.7
1.630235126
1.626440718
1.595628815
1.582313338
1.578490674
1.5682
1.565718592
1.558
1.536339003
1.527701003
1.4942
1.4681
1.451806889
1.410187143
1.377095201
1.368643478
1.365835212
1.364774503
1.3561
1.356
1.352285044
1.346391976
1.346
1.332024844
1.307032379
1.297742994
1.28788965
1.2572
1.25131592
1.243569299
1.2434
1.2434
1.243394316
1.2363
1.236
1.236
1.236
1.228647734
1.2283
1.2283
1.2211
1.2211
1.2211
1.214072532
1.1934
1.177450183
1.175855294
1.175071806
1.170097396
1.1612
1.156268325
1.152409408
1.15
1.1483
1.148258691
1.1423
1.142
1.13611233
1.13611233
1.1359
1.1359
1.135850982
1.135850982
1.130304889
1.1303
1.1303
1.1303
1.1303
1.130281439
1.130047012
1.130023576
1.13
1.129135649
1.124514989
1.1243
1.124296456
1.1206
1.1189
1.1189
1.118643879
1.1186
1.1186
1.1186
1.1132
1.1077
1.1072
1.107148825
1.106488088
1.1006
1.1002
1.094128597
1.091113043
1.08677602
1.085625105
1.085625105
1.075111062
1.074996233
1.07026441
1.07
1.07
1.065047292
1.065
1.065
1.065
1.065
1.065
1.059991817
1.059872163
1.0597
1.0597
1.0597
1.0552
1.055
1.055
1.055
1.054994515
1.054659457
1.0499
1.0499
1.0499
1.0499
1.0454
1.0454
1.0452
1.0452
1.0452
1.0452
1.045169179
1.045169179
1.045169179
1.045169179
1.045169179
1.0436
1.041524079
1.0406
1.040433953
1.040224269
1.0354
1.031655988
1.03091506
1.0309
1.0309
1.0263
1.0263
1.0263
1.023394133
1.0218
1.0218
1.0218
1.0176
1.017244979
1.013864214
1.012704742
1.012544423
1.012409699
1.0084
1.008308858
1.0083
1.005827448
1.003589033
1.001717808
1.0
0.999830658
0.9995
0.999492173
0.995227367
0.995
0.991
0.990629851
0.990088732
0.9867
0.9867
0.986467618
0.9864
0.9861
0.9861
0.9825
0.982344896
0.982344896
0.982328216
0.982328216
0.9782
0.9757
0.974427117
0.974198666
0.968390542
0.966
0.966
0.965960091
0.9645
0.964258162
0.964
0.96273997
0.9621
0.9621
0.9621
0.962063804
0.96197626
0.960189446
0.96
0.957840099
0.957792794
0.9565
0.9544
0.953747696
0.953730344
0.9505
0.948776933
0.946307061
0.946191052
0.9435
0.943011346
0.942546912
0.942364321
0.938638008
0.938636234
0.938622926
0.9386
0.936160808
0.935107933
0.9351
0.9349
0.9349
0.9313
0.931102034
0.9311
0.930068755
0.928933376
0.9288
0.9278
0.927794233
0.9277
0.9276
0.9276
0.9275
0.9275
0.9275
0.927470714
0.924
0.923854927
0.920442528
0.9203
0.92
0.9189
0.9178
0.9166
0.91296789
0.9095
0.9095
0.9032
0.903040198
0.901578533
0.901422988
0.899333987
0.8992
0.896449406
0.892196674
0.892
0.8896
0.889006483
0.888875326
0.888875326
0.8856
0.885579186
0.885419037
0.885285625
0.884647226
0.8845
0.88436592
0.879192534
0.8789
0.8789
0.878663433
0.877677326
0.8755
0.8724
0.8723
0.8723
0.8723
0.8723
0.867399476
0.866122887
0.8652
0.862920127
0.862674821
0.860120914
0.854635653
0.8536
0.8534
0.8504
0.850257585
0.848907093
0.848624184
0.847094295
0.846685164
0.84545625
0.842254104
0.8412
0.8412
0.841125102
0.840273374
0.8401
0.8397
0.838033384
0.838033384
0.837883859
0.835224953
0.8351
0.835094217
0.835
0.833767293
0.832692995
0.83
0.8292
0.829145935
0.8264
0.826260286
0.8255
0.824163602
0.8236
0.823405251
0.821
0.8177
0.815044373
0.81473273
0.813458956
0.8123
0.8121
0.8101
0.809172864
0.8091
0.804013495
0.804
0.802693707
0.8009
0.799
0.7953
0.7925
0.792402682
0.791965313
0.790628369
0.79
0.79
0.79
0.7899
0.7899
0.7899
0.7898
0.7898
0.7878
0.786548045
0.786089298
0.785359758
0.7846
0.782342373
0.782018876
0.780671021
0.780656524
0.7795
0.77943954
0.779379433
0.779374207
0.777998866
0.777871543
0.777076543
0.775780405
0.7693
0.766506387
0.7643
0.76
0.7597
0.759009194
0.759
0.758961822
0.7566
0.754917543
0.754
0.75396452
0.749634411
0.749024066
0.749
0.749
0.747325108
0.7467
0.745212549
0.74
0.738903406
0.734729236
0.732330182
0.732265228
0.731962893
0.731520726
0.7315
0.7286
0.727886015
0.727399149
0.725477312
0.723
0.721755153
0.717364294
0.716422901
0.715388416
0.715084111
0.713
0.711690398
0.711593998
0.710489386
0.70666632
0.7051
0.7037
0.70363191
0.702848146
0.694952865
0.694933378
0.692207827
0.689550356
0.689301474
0.6855
0.6855
0.6855
0.684400587
0.6835
0.681477558
0.6803
0.679351138
0.677495406
0.677452007
0.6765
0.6755
0.6752
0.6749
0.674687201
0.6712
0.670925028
0.666700934
0.6629
0.662123436
0.661069302
0.660921397
0.66
0.6591
0.658580285
0.657084083
0.655490272
0.655260037
0.654418336
0.653490551
0.653097658
0.652738306
0.6524
0.6522
0.651530723
0.6514
0.651
0.65
0.649261738
0.6484
0.647406308
0.64563055
0.645223339
0.642748355
0.64
0.64
0.64
0.637012443
0.6353
0.6341
0.63354594
0.6329
0.631332711
0.631268384
0.6311
0.630324108
0.628656443
0.625274489
0.6249
0.624533151
0.623
0.621927102
0.621109935
0.62
0.6194
0.6187
0.618115807
0.614880073
0.612751114
0.610105975
0.61
0.609927332
0.6087
0.6086
0.608204633
0.607411262
0.605167428
0.6043
0.6033
0.603205321
0.602851797
0.596016326
0.595197285
0.593129503
0.592898155
0.5921
0.591790232
0.589019569
0.5864
0.586
0.586
0.5854
0.5848
0.584676017
0.583312842
0.582641307
0.581124668
0.580970652
0.58
0.57976692
0.577880851
0.57785683
0.577623585
0.577420768
0.5768
0.57461503
0.571847844
0.571440842
0.571095673
0.57
0.57
0.562703544
0.56
0.556942214
0.5564
0.554
0.55383995
0.553677557
0.553426318
0.5526
0.551414915
0.5455
0.545324138
0.544338165
0.5433
0.5416
0.541425963
0.5413
0.540234161
0.5402
0.54
0.54
0.539730472
0.538
0.537602002
0.5373
0.5366
0.534
0.533909766
0.5321
0.52929557
0.5273
0.525735536
0.5249
0.524
0.5233
0.5233
0.523
0.522530377
0.522
0.5201
0.52
0.519421508
0.519220267
0.519
0.516803854
0.512136366
0.5117
0.5112
0.511043092
0.510462812
0.51
0.5083
0.506344271
0.505516371
0.5037
0.5035
0.502481549
0.5021
0.502020447
0.501000636
0.5007
0.5
0.499854127
0.495819462
0.4927
0.492439953
0.4918
0.4904
0.490306563
0.49
0.488999371
0.48894593
0.48726735
0.487
0.486552521
0.4864
0.486017387
0.48599564
0.4853
0.485162372
0.485061956
0.481
0.48
0.48
0.478156217
0.476843124
0.476465736
0.4758
0.473623794
0.4733
0.469225609
0.468876879
0.468342293
0.4656
0.461218862
0.46
0.459603052
0.4579
0.4579
0.4578
0.4574
0.457118619
0.456309929
0.455782507
0.455435409
0.454144176
0.453391082
0.449977221
0.444510788
0.444259344
0.4433
0.443282789
0.441443819
0.439922115
0.438861216
0.438526523
0.437676454
0.43734795
0.4369
0.4349
0.4321
0.431866679
0.43
0.43
0.43
0.4298
0.429525605
0.4276
0.4255
0.425248046
0.425111841
0.4223
0.421803331
0.421747335
0.420460109
0.420182889
0.42
0.42
0.417320876
0.416892192
0.4167
0.41483097
0.414558554
0.4121
0.412016319
0.4112
0.411056357
0.410835965
0.41078966
0.410469265
0.41039078
0.4084
0.4063
0.404352043
0.404025656
0.403692118
0.402
0.4
0.399087129
0.3984
0.397534856
0.397509321
0.397295078
0.39671109
0.396103236
0.394426153
0.39266642
0.3925
0.392124281
0.391961629
0.390910622
0.390669896
0.3901
0.39
0.38877392
0.384031592
0.3827
0.381923091
0.380300188
0.38
0.3797
0.3783
0.37539119
0.3746
0.3722
0.371965463
0.371717126
0.371232292
0.3711
0.370947285
0.37
0.366276763
0.3661
0.365226597
0.363
0.3627
0.362142177
0.3621
0.361876193
0.3612
0.36
0.36
0.3597
0.3586
0.355850804
0.352490659
0.351057238
0.3487
0.346022737
0.345413007
0.344992722
0.342754077
0.340366328
0.34
0.34
0.34
0.338692866
0.336339534
0.3348
0.332963796
0.332778733
0.332748699
0.3326
0.3322
0.33
0.328668176
0.327636132
0.3256
0.3237
0.322699056
0.322
0.321
0.320887212
0.32
0.32
0.32
0.317070198
0.316972785
0.316586399
0.316191362
0.3159
0.3133
0.312658284
0.31
0.31
0.31
0.3094
0.3048
0.3032
0.301076949
0.3
0.2983
0.296424918
0.296193785
0.2956
0.29360437
0.2919
0.2903
0.2893
0.287941418
0.287747296
0.287206306
0.2872
0.2868
0.286518104
0.2806
0.2777
0.277
0.276803833
0.272897501
0.2721
0.2716
0.27
0.268333767
0.267898616
0.2672
0.266461374
0.2656
0.264188022
0.2622
0.26
0.257987497
0.2572
0.256718745
0.251364785
0.25
0.25
0.2475
0.246159297
0.2453
0.244535954
0.243662836
0.239123102
0.237458201
0.237320765
0.235635255
0.233501766
0.230443278
0.23
0.23
0.228652636
0.224310685
0.2235
0.222765354
0.2214
0.2207
0.2179
0.216653091
0.213791577
0.212706758
0.212574469
0.212431567
0.2124
0.210993363
0.201298437
0.1999
0.1999
0.1956
0.192772727
0.19068814
0.1893
0.188529745
0.188516266
0.188
0.186448508
0.1851
0.1844
0.184256269
0.1804
0.179474131
0.179
0.178204894
0.177374321
0.1773
0.175240889
0.1735
0.171543767
0.1709
0.170310359
0.1685
0.166535451
0.165147848
0.16421307
0.1641
0.161450613
0.16
0.159532562
0.1592
0.157298187
0.155357382
0.1528
0.147198317
0.14554717
0.1446
0.144421539
0.142087324
0.14
0.1304
0.13
0.12713323
0.127130857
0.1265
0.126333765
0.1255
0.123663372
0.1216
0.121211094
0.12
0.118989877
0.11878449
0.116503747
0.1139
0.1128
0.111437809
0.11
0.11
0.11
0.109625935
0.109395948
0.10896299
0.108595705
0.1076
0.1062
0.106
0.105005622
0.10341255
0.102988053
0.102111364
0.1
0.1
0.1
0.1
0.0985
0.094063213
0.0914
0.0909
0.090131249
0.09
0.084622153
0.084561332
0.083023239
0.0829
0.08106542
0.080542298
0.08
0.08
0.07901721
0.0789
0.0767
0.07528272
0.072909649
0.0727
0.0723
0.070295432
0.0702
0.07
0.07
0.068474963
0.068201817
0.067
0.0643
0.06
0.0599
0.057960927
0.057570824
0.057188696
0.056273368
0.055
0.0549
0.053341445
0.050861362
0.05
0.049756882
0.043941678
0.043603804
0.0433
0.041892815
0.0402
0.04
0.03847382
0.038175146
0.037955415
0.036242214
0.03
0.03
0.027341968
0.0255
0.024802502
0.0203
0.020110333
0.02
0.02
0.02
0.02
0.02
0.0193
0.019067893
0.019021146
0.018846252
0.018292129
0.016887962
0.0161
0.0152
0.0119
0.010251263
0.01
0.01
0.0093
0.00596733
0.005493119
0.005016256
0.0018
0.00053768
0.0
0.0
-0.0006
-0.003669443
-0.004250052
-0.0049
-0.0058
-0.007265664
-0.008033112
-0.01
-0.01
-0.01
-0.011381165
-0.012
-0.0128
-0.016848465
-0.0173
-0.017655104
-0.017921985
-0.018923033
-0.019515783
-0.02
-0.02
-0.02
-0.0206
-0.022384851
-0.025404461
-0.0256
-0.0267
-0.027457269
-0.03
-0.03
-0.03
-0.031020416
-0.032126941
-0.032644921
-0.033251081
-0.0337559
-0.03568317
-0.0384
-0.04
-0.040729633
-0.041921413
-0.044931546
-0.0456
-0.046573827
-0.047347893
-0.05
-0.050160116
-0.051455458
-0.0516
-0.0529
-0.0543
-0.0557
-0.057
-0.0575
-0.057823856
-0.06
-0.06
-0.0601
-0.062309467
-0.0651
-0.0651
-0.0655
-0.067511006
-0.0687
-0.07
-0.07
-0.070052651
-0.0719
-0.0719
-0.072180899
-0.072529286
-0.073
-0.0749
-0.075223164
-0.07654115
-0.078418557
-0.079006957
-0.0798
-0.079806903
-0.079826177
-0.0799
-0.08
-0.08
-0.081304092
-0.0821
-0.086773993
-0.087765578
-0.092
-0.092012803
-0.093687784
-0.094549434
-0.095298805
-0.096905651
-0.097522226
-0.099255215
-0.0993
-0.1
-0.1054
-0.107492169
-0.107649886
-0.1078
-0.1078
-0.1086
-0.11
-0.11
-0.11
-0.11
-0.111286043
-0.111289404
-0.111712583
-0.1124
-0.113158037
-0.115
-0.1176
-0.1191
-0.12
-0.121
-0.121109888
-0.121592004
-0.12447488
-0.1277
-0.1285
-0.1288
-0.128994642
-0.13
-0.13
-0.1302
-0.130912442
-0.132544773
-0.13619896
-0.1364
-0.1372
-0.139560898
-0.14
-0.14
-0.141666762
-0.144823593
-0.145139333
-0.147373679
-0.1499
-0.15
-0.1513
-0.1528
-0.153609692
-0.1547
-0.1551
-0.1554
-0.16
-0.165
-0.1653
-0.165775242
-0.1669
-0.167
-0.17
-0.17
-0.17
-0.17
-0.17
-0.17
-0.1707
-0.1713
-0.1726
-0.1738
-0.1739
-0.175874376
-0.1764
-0.1796
-0.1798
-0.18
-0.18
-0.181251006
-0.1822
-0.18999534
-0.19
-0.1906
-0.19127437
-0.194271049
-0.194310278
-0.196609986
-0.196759712
-0.1971
-0.1971
-0.197711374
-0.1982
-0.199755177
-0.2
-0.201876223
-0.2019
-0.2046
-0.2046
-0.2046
-0.2059
-0.2062
-0.2072
-0.207417517
-0.2096
-0.21
-0.21
-0.21
-0.2104
-0.2122
-0.215
-0.215
-0.2162
-0.216594575
-0.218413053
-0.2186
-0.22
-0.22
-0.22
-0.220796195
-0.2225
-0.2232
-0.225028298
-0.226272691
-0.2275
-0.23
-0.2311
-0.231611963
-0.2319
-0.232457951
-0.2328
-0.2332
-0.233704176
-0.235193825
-0.2374
-0.239003926
-0.24
-0.242535631
-0.2435
-0.2537
-0.255286517
-0.2586
-0.2592
-0.2617
-0.263631686
-0.265
-0.266745284
-0.2674
-0.2678
-0.27
-0.27
-0.274600321
-0.276
-0.279037497
-0.28
-0.281
-0.28238117
-0.2836
-0.28369802
-0.288092629
-0.289144621
-0.29
-0.29
-0.29
-0.29
-0.29
-0.2918
-0.291816974
-0.2919
-0.2926
-0.293
-0.294
-0.2946
-0.295
-0.295451716
-0.3
-0.3
-0.3
-0.3
-0.3
-0.3
-0.3036
-0.303811902
-0.304208728
-0.304510239
-0.3063
-0.307349426
-0.308924931
-0.309433822
-0.312059473
-0.3137
-0.3143
-0.314879436
-0.31550074
-0.3188
-0.3193
-0.32
-0.32
-0.32
-0.321
-0.3216
-0.3225
-0.322577337
-0.324555733
-0.327612407
-0.3279
-0.327924852
-0.33
-0.33
-0.3315
-0.3328
-0.338416648
-0.34
-0.3429717
-0.3436
-0.344450681
-0.346106152
-0.3462
-0.3463
-0.3463
-0.35
-0.35
-0.35
-0.35
-0.35
-0.3535
-0.355953575
-0.3567
-0.3574
-0.3599
-0.36
-0.36
-0.3602
-0.366
-0.3695
-0.37
-0.37
-0.37
-0.372767961
-0.3736
-0.373677588
-0.375535712
-0.3776
-0.377836954
-0.38
-0.3825
-0.383317077
-0.383898135
-0.384250204
-0.3861
-0.3861
-0.386945691
-0.389314941
-0.39
-0.391024433
-0.392839827
-0.3962
-0.399080411
-0.4
-0.4
-0.4
-0.4
-0.4
-0.4018
-0.402
-0.4032
-0.404258917
-0.405237967
-0.406689269
-0.4073
-0.41
-0.41
-0.41
-0.410897736
-0.4121
-0.4122
-0.412857335
-0.414559724
-0.4154
-0.4155
-0.415949942
-0.4188
-0.4189
-0.4189
-0.4198
-0.42
-0.42
-0.42
-0.42
-0.42
-0.42018642
-0.424427985
-0.425016895
-0.4257
-0.426136485
-0.43
-0.43
-0.43
-0.43
-0.43
-0.4313
-0.431708518
-0.4337
-0.43660043
-0.437646111
-0.4390279
-0.439029198
-0.439609879
-0.44
-0.44
-0.44
-0.44
-0.44
-0.4401
-0.4405
-0.440585514
-0.4416
-0.4424
-0.444071386
-0.446096322
-0.4466
-0.4471
-0.4487
-0.45
-0.4505
-0.450786076
-0.451
-0.45378908
-0.453910537
-0.4541
-0.454535826
-0.4564
-0.4568
-0.457240368
-0.458338912
-0.459235549
-0.46
-0.46
-0.46
-0.460192409
-0.460354084
-0.4628
-0.463
-0.46428681
-0.465572855
-0.4658
-0.4659
-0.469106118
-0.4702
-0.472461116
-0.4745
-0.474704027
-0.4764
-0.476934722
-0.479234017
-0.48
-0.4802
-0.481381708
-0.4825
-0.48433581
-0.4874
-0.4884
-0.4888
-0.489
-0.49
-0.49
-0.49
-0.49
-0.4906
-0.490652149
-0.4908
-0.4919
-0.494975175
-0.4992
-0.5
-0.5
-0.5
-0.500013296
-0.5004
-0.5033
-0.503697626
-0.504
-0.504996401
-0.5056
-0.507184532
-0.507184532
-0.5084
-0.51
-0.5101
-0.510557544
-0.5138
-0.5145
-0.5146
-0.515
-0.517
-0.52
-0.52
-0.52
-0.520474498
-0.5229
-0.524323625
-0.524834841
-0.525678621
-0.527274385
-0.527751378
-0.5291
-0.53
-0.53
-0.53
-0.53
-0.53
-0.531030497
-0.5314
-0.532539726
-0.534342295
-0.5345
-0.53795425
-0.5394
-0.5395
-0.54
-0.5418
-0.5436
-0.545
-0.546768091
-0.548311419
-0.55
-0.550169975
-0.551894305
-0.5528
-0.552854708
-0.5534
-0.556792816
-0.5579
-0.56
-0.56
-0.5606
-0.560813739
-0.560826234
-0.5629
-0.563427685
-0.563561886
-0.563962397
-0.569414718
-0.569498545
-0.573145985
-0.57344678
-0.5752
-0.575436704
-0.57673192
-0.5781
-0.5781
-0.58
-0.5809
-0.5824
-0.5831
-0.5847
-0.586560326
-0.586608448
-0.59
-0.59
-0.590781442
-0.5912
-0.5916
-0.5916
-0.5918
-0.5921
-0.5932
-0.594139338
-0.5946
-0.6
-0.6
-0.6
-0.6
-0.6
-0.6
-0.6003
-0.602013123
-0.602981194
-0.605
-0.6085
-0.6104
-0.611
-0.615
-0.617390402
-0.62
-0.62
-0.62
-0.62
-0.62
-0.620142884
-0.6222
-0.6222
-0.622962848
-0.62297793
-0.6237
-0.6285
-0.63
-0.630380903
-0.6325
-0.6333
-0.6334
-0.633922712
-0.634
-0.6341
-0.634868411
-0.64043406
-0.647983703
-0.647988018
-0.6488
-0.649
-0.65
-0.65
-0.6514
-0.6525
-0.653059623
-0.653663028
-0.6537
-0.653730142
-0.653770318
-0.655055328
-0.655242676
-0.6571
-0.658698746
-0.6592
-0.6593
-0.6598
-0.66
-0.66
-0.66
-0.66054277
-0.6665
-0.666725926
-0.667
-0.667032464
-0.667780979
-0.667930686
-0.6737
-0.6787
-0.679407503
-0.68
-0.68
-0.68
-0.68
-0.68
-0.68
-0.6813
-0.6823
-0.6826
-0.6835
-0.684341705
-0.68563679
-0.687217137
-0.687784528
-0.687915225
-0.688
-0.689646011
-0.69
-0.69
-0.69
-0.6916
-0.692136567
-0.6924056
-0.698476149
-0.6996
-0.7
-0.7
-0.7
-0.7
-0.7
-0.7034
-0.70350543
-0.704896063
-0.705980377
-0.7061
-0.706708916
-0.707389182
-0.7089
-0.70969048
-0.71
-0.71
-0.71
-0.71
-0.71
-0.71
-0.71
-0.71
-0.713921772
-0.714701597
-0.714875651
-0.7181
-0.718824561
-0.719
-0.72
-0.72
-0.7221
-0.722399688
-0.7241
-0.724347118
-0.7272
-0.7276
-0.7276
-0.7288
-0.73
-0.73
-0.73
-0.7306
-0.7306
-0.7308
-0.7328
-0.7353
-0.736268462
-0.7383
-0.74
-0.74
-0.74
-0.74
-0.74
-0.7403
-0.7405
-0.742062088
-0.7443
-0.7472
-0.748029368
-0.7482
-0.75
-0.75
-0.75
-0.75
-0.752029987
-0.754145669
-0.7543
-0.7544
-0.7544
-0.7552
-0.756884432
-0.75694657
-0.757587608
-0.759001213
-0.76
-0.76
-0.7616
-0.763033718
-0.763942094
-0.7661
-0.766472623
-0.7684
-0.77
-0.77
-0.77
-0.77
-0.77
-0.771
-0.77170269
-0.7739
-0.774172069
-0.774965627
-0.7773
-0.7787
-0.7794
-0.77961667
-0.78
-0.78
-0.7814
-0.7824
-0.7845
-0.785854804
-0.7875
-0.7894
-0.790860844
-0.7937
-0.794
-0.794219043
-0.796
-0.7962
-0.798209708
-0.799143198
-0.8
-0.8
-0.8
-0.8
-0.8
-0.8
-0.8
-0.800434395
-0.8014
-0.803618922
-0.8098
-0.81
-0.81
-0.81
-0.8106
-0.812249023
-0.8147
-0.814940872
-0.8167
-0.817164744
-0.8186
-0.8188
-0.82
-0.82
-0.82
-0.82
-0.82
-0.8202
-0.821231264
-0.8213
-0.821648982
-0.823
-0.823100201
-0.8234
-0.8243
-0.825411234
-0.827397585
-0.828305155
-0.83
-0.83
-0.830822577
-0.8312
-0.835
-0.835225508
-0.83545917
-0.8356
-0.8358
-0.837
-0.8372
-0.838079267
-0.838577173
-0.84
-0.840017595
-0.8457
-0.845760907
-0.8462
-0.8471
-0.8471
-0.8493
-0.8494
-0.849572956
-0.85
-0.85
-0.85
-0.85
-0.85
-0.85
-0.85
-0.8504
-0.851479539
-0.853333105
-0.8547
-0.854788461
-0.856665127
-0.859
-0.859820553
-0.859899212
-0.86
-0.86
-0.86
-0.86
-0.8608
-0.8608
-0.860835326
-0.8622
-0.862721053
-0.864516218
-0.8655
-0.8666
-0.8673
-0.87
-0.87
-0.87
-0.87
-0.8722
-0.872370724
-0.872552369
-0.8764
-0.87790415
-0.8783
-0.87862532
-0.879554019
-0.88
-0.88
-0.88
-0.8806
-0.8829
-0.8834
-0.884641885
-0.887690427
-0.89
-0.89
-0.89
-0.89
-0.89
-0.890086508
-0.8926
-0.8949
-0.895160011
-0.8953
-0.896196315
-0.8969
-0.898693945
-0.8996
-0.899724345
-0.9
-0.9
-0.9007
-0.901196004
-0.9022
-0.903187957
-0.903788639
-0.905288847
-0.9089
-0.909479678
-0.91
-0.91
-0.91
-0.91
-0.91
-0.9137
-0.913801018
-0.916346136
-0.92
-0.92
-0.92
-0.92
-0.92
-0.92
-0.92
-0.92
-0.921034384
-0.922963208
-0.9249
-0.9249
-0.9278
-0.9299
-0.93
-0.93
-0.93
-0.9301
-0.9302
-0.93040182
-0.9305
-0.933168591
-0.936025863
-0.937218529
-0.9376
-0.9383
-0.938741673
-0.94
-0.94
-0.94
-0.94
-0.94
-0.94
-0.94
-0.94
-0.940813194
-0.944324013
-0.945
-0.9452
-0.9456
-0.946771482
-0.9473
-0.9481
-0.9482
-0.9487
-0.949277587
-0.95
-0.95
-0.95
-0.95
-0.951
-0.952204802
-0.9525
-0.9527
-0.953121785
-0.954
-0.954573972
-0.9547
-0.9549
-0.957205517
-0.96
-0.96
-0.96
-0.96
-0.96
-0.96
-0.960255718
-0.960418782
-0.9613
-0.9624
-0.9624
-0.962426912
-0.9634
-0.9642
-0.9656
-0.966481992
-0.9667
-0.96747386
-0.967567025
-0.97
-0.97
-0.9714
-0.9738
-0.976
-0.977550168
-0.979563677
-0.98
-0.98
-0.98
-0.98
-0.98
-0.98
-0.9801
-0.9802
-0.980758883
-0.9811
-0.9818
-0.9818
-0.982660114
-0.9827
-0.98322259
-0.985949247
-0.988291129
-0.9895
-0.99
-0.99
-0.99
-0.99
-0.9916
-0.994056687
-1.0
-1.0
-1.0
-1.0
-1.000000587
-1.0004
-1.000451858
-1.000489568
-1.0006
-1.0006
-1.0006
-1.002292328
-1.003417731
-1.0041
-1.004260454
-1.0071
-1.01
-1.01
-1.01
-1.01
-1.011
-1.01149355
-1.0142
-1.015630004
-1.017551933
-1.0197
-1.0197
-1.02
-1.02
-1.02
-1.020815087
-1.020958606
-1.0214
-1.0216
-1.023221287
-1.023516095
-1.025801334
-1.026923058
-1.0277
-1.0289
-1.03
-1.03
-1.03
-1.032
-1.0354
-1.036597924
-1.0375
-1.038398213
-1.0387
-1.039379878
-1.0397
-1.04
-1.04
-1.04
-1.0407
-1.042005529
-1.0427
-1.042878011
-1.0453
-1.0456
-1.045896296
-1.0466
-1.046901651
-1.0488
-1.049
-1.05
-1.05
-1.05
-1.050748809
-1.0515
-1.052219379
-1.053070208
-1.05536111
-1.0556
-1.055812212
-1.056973282
-1.057125752
-1.057369728
-1.0574
-1.059160932
-1.059279349
-1.060529965
-1.061803892
-1.0632
-1.063682205
-1.0651
-1.0657
-1.0665
-1.07
-1.07
-1.07
-1.070567643
-1.0732
-1.0737
-1.0762
-1.076302279
-1.0775
-1.0777
-1.0798
-1.08
-1.08
-1.081092287
-1.082414087
-1.082666634
-1.0829
-1.0831
-1.0831
-1.087251192
-1.0876
-1.0882
-1.0899
-1.09
-1.09
-1.09
-1.09
-1.09
-1.0911
-1.091532091
-1.093091418
-1.0938
-1.0939
-1.0947
-1.096509119
-1.0966
-1.0977
-1.0991
-1.099315041
-1.09999437
-1.1
-1.1
-1.1
-1.1
-1.1001
-1.102
-1.102861926
-1.1029
-1.103
-1.1031
-1.103103668
-1.109
-1.1097
-1.1098
-1.11
-1.11
-1.113
-1.1141
-1.114155449
-1.115857896
-1.116107831
-1.117
-1.1185
-1.12
-1.12
-1.12
-1.12
-1.126518075
-1.127
-1.13
-1.13
-1.13
-1.13
-1.13
-1.13
-1.13
-1.13
-1.13
-1.130401751
-1.1309
-1.133167485
-1.138382451
-1.138788219
-1.14
-1.14
-1.14
-1.14
-1.14
-1.14
-1.14
-1.14
-1.14
-1.14
-1.1406
-1.141273025
-1.1426
-1.1427
-1.1428
-1.142974365
-1.1442
-1.1443
-1.144796153
-1.1466
-1.1482
-1.1487
-1.1494
-1.15
-1.15
-1.15
-1.1514
-1.1517
-1.1522
-1.1538
-1.1548
-1.1548
-1.1552
-1.1556
-1.155886444
-1.156
-1.1567
-1.16
-1.16
-1.16
-1.16
-1.16
-1.16
-1.16
-1.16
-1.16
-1.16
-1.160845842
-1.161671108
-1.1648
-1.1673
-1.167514488
-1.1692
-1.1693
-1.1694
-1.17
-1.17
-1.17
-1.17
-1.170241174
-1.1709
-1.171451504
-1.171951452
-1.174231848
-1.1745
-1.174873472
-1.1765
-1.176603424
-1.178639899
-1.179
-1.17979792
-1.18
-1.18
-1.18
-1.18
-1.18
-1.181216395
-1.182269102
-1.183120855
-1.1841
-1.187180386
-1.1887
-1.1887
-1.1887
-1.189236756
-1.19
-1.19
-1.19
-1.19
-1.1912
-1.1931
-1.1985
-1.198775352
-1.1992
-1.1999
-1.2
-1.2
-1.2
-1.2
-1.2
-1.2005
-1.2019
-1.202
-1.2025
-1.2045
-1.204686091
-1.2047
-1.20510658
-1.2069
-1.2074
-1.2075
-1.2082
-1.209646244
-1.21
-1.21
-1.21
-1.21
-1.21
-1.21
-1.2101
-1.2118
-1.212102898
-1.2177
-1.2184149
-1.219629428
-1.219958563
-1.22
-1.22
-1.22
-1.22
-1.22
-1.220683278
-1.2208
-1.222309624
-1.225702037
-1.226
-1.227918826
-1.228026593
-1.2286
-1.229318187
-1.2298
-1.229848644
-1.23
-1.23
-1.23
-1.23
-1.23
-1.23
-1.23
-1.23
-1.23
-1.2313
-1.231545685
-1.2319
-1.232035998
-1.2327
-1.2334
-1.2343
-1.237
-1.237068525
-1.237789285
-1.24
-1.24
-1.24
-1.24
-1.24
-1.24
-1.24
-1.2403
-1.241602263
-1.2427
-1.2449
-1.2449
-1.245
-1.246
-1.246
-1.247560996
-1.25
-1.25
-1.25
-1.2504
-1.25150549
-1.255496889
-1.2558
-1.2558
-1.259
-1.259698438
-1.26
-1.26
-1.26
-1.26
-1.26
-1.260334336
-1.26048469
-1.261
-1.2615
-1.2657
-1.2665
-1.266527042
-1.2668
-1.2678
-1.269901072
-1.27
-1.27
-1.27
-1.27
-1.27
-1.27
-1.27
-1.27
-1.2708
-1.2714
-1.2722
-1.2726
-1.2727
-1.275
-1.275710522
-1.277021164
-1.28
-1.28
-1.28
-1.28
-1.28
-1.28
-1.28
-1.28
-1.2800595
-1.2843
-1.2843
-1.285472821
-1.2871
-1.2891
-1.289808658
-1.289975217
-1.29
-1.29
-1.29
-1.29
-1.29
-1.29
-1.29
-1.2906
-1.2909
-1.291560039
-1.2948
-1.296365099
-1.2971
-1.2983
-1.299081063
-1.2994
-1.29966008
-1.3
-1.3
-1.3
-1.3
-1.3
-1.3
-1.3
-1.3011
-1.3015
-1.301526049
-1.301635776
-1.3019
-1.3025955
-1.3054
-1.305537302
-1.306674746
-1.3067
-1.3069
-1.307546525
-1.31
-1.31
-1.31
-1.31
-1.31
-1.31
-1.313
-1.3144
-1.314722844
-1.314975067
-1.315674521
-1.319
-1.3195
-1.32
-1.32
-1.32
-1.32
-1.32
-1.3228
-1.3247
-1.3251
-1.3252
-1.3269
-1.327248701
-1.3278
-1.3279
-1.3285
-1.328818198
-1.329218805
-1.3297
-1.33
-1.33
-1.33
-1.33
-1.33
-1.33
-1.3301
-1.3301
-1.3316
-1.333054875
-1.335
-1.335253673
-1.336078753
-1.3381
-1.3391
-1.3399
-1.34
-1.34
-1.34
-1.34010886
-1.3402
-1.340682714
-1.3429
-1.342949719
-1.343
-1.344
-1.345611894
-1.3461
-1.3468
-1.3469
-1.347195531
-1.3477
-1.3486
-1.348776549
-1.3495
-1.35
-1.35
-1.35
-1.35
-1.350363781
-1.3505
-1.3506
-1.3511
-1.3528
-1.3562
-1.3593
-1.3593
-1.3594
-1.36
-1.3605
-1.3609
-1.36253525
-1.364029386
-1.364424933
-1.3662
-1.3663
-1.3676
-1.367638869
-1.3679
-1.37
-1.37
-1.37
-1.3713
-1.3717
-1.372
-1.373595162
-1.3752
-1.3755
-1.375967099
-1.376746915
-1.3769
-1.377
-1.377449362
-1.378146596
-1.3798
-1.38
-1.38
-1.38
-1.38
-1.3801
-1.38103092
-1.3863
-1.387194666
-1.3884
-1.3885
-1.39
-1.39
-1.39
-1.39
-1.390984611
-1.394867706
-1.3967
-1.3971
-1.39724242
-1.3974
-1.398370615
-1.4
-1.4
-1.4
-1.4
-1.4001
-1.402200462
-1.405191317
-1.405240463
-1.406221724
-1.4091
-1.41
-1.41
-1.41
-1.41
-1.41
-1.41
-1.41
-1.41
-1.41
-1.41
-1.4127
-1.414000411
-1.4155
-1.415573876
-1.416495791
-1.417253114
-1.417811305
-1.41863926
-1.4188
-1.4199
-1.42
-1.42
-1.42
-1.42
-1.42
-1.4202
-1.4206
-1.4207
-1.423880849
-1.424196078
-1.4242
-1.4243
-1.4249
-1.4249
-1.425
-1.427031257
-1.43
-1.43
-1.43
-1.43
-1.43
-1.43
-1.433338371
-1.4374
-1.437441792
-1.439605121
-1.44
-1.44
-1.44
-1.4403
-1.443654068
-1.4438
-1.445011049
-1.445031941
-1.4463
-1.446331686
-1.4481
-1.4486
-1.4489
-1.448934642
-1.4493
-1.4499
-1.45
-1.45
-1.45
-1.45
-1.4504
-1.450561375
-1.452
-1.453578731
-1.4556
-1.4567
-1.4589
-1.4592144
-1.459377408
-1.459734159
-1.4598
-1.46
-1.46
-1.46
-1.46
-1.46
-1.46
-1.46
-1.46
-1.46
-1.46
-1.463069491
-1.463118539
-1.4666
-1.469038232
-1.469072537
-1.469930479
-1.47
-1.47
-1.47
-1.47
-1.47
-1.47
-1.4716
-1.471757019
-1.471935011
-1.47223405
-1.4743
-1.474321317
-1.4748
-1.4757
-1.476228892
-1.478
-1.48
-1.48
-1.48
-1.48
-1.48
-1.48
-1.48
-1.481
-1.48155287
-1.4825
-1.4832
-1.4838
-1.485022741
-1.485842464
-1.4861
-1.487653403
-1.488726291
-1.489
-1.4895
-1.49
-1.49
-1.49
-1.49
-1.49
-1.49
-1.4901
-1.491314993
-1.4932
-1.4939
-1.494200991
-1.494780947
-1.495423095
-1.498168281
-1.4991
-1.4995
-1.4995
-1.4996
-1.4996
-1.499743427
-1.5
-1.5
-1.5
-1.5
-1.5
-1.5
-1.5
-1.5
-1.5005
-1.5008
-1.5013
-1.5031
-1.5036
-1.5038218
-1.504350196
-1.504668533
-1.507143452
-1.5075
-1.507773246
-1.508195621
-1.508278406
-1.51
-1.51
-1.51
-1.51
-1.5124
-1.5125
-1.5141
-1.5161
-1.5162
-1.516963539
-1.5171
-1.52
-1.52
-1.52
-1.52
-1.52
-1.52
-1.52
-1.52
-1.52
-1.52
-1.52
-1.52
-1.52
-1.52
-1.5208
-1.5213
-1.5216
-1.521890085
-1.522
-1.5224
-1.5229
-1.5235
-1.5236
-1.5241
-1.5241
-1.5255
-1.525986853
-1.5265
-1.5276
-1.53
-1.53
-1.53
-1.53
-1.53
-1.53
-1.53
-1.53
-1.531423432
-1.5337
-1.5347
-1.5354
-1.537582757
-1.5376
-1.5376
-1.5384
-1.539016442
-1.539955769
-1.54
-1.54
-1.54
-1.54
-1.54
-1.54
-1.54
-1.54049772
-1.5412
-1.544
-1.5445
-1.546125822
-1.5462
-1.5469
-1.54996066
-1.55
-1.55
-1.55
-1.55
-1.55
-1.55
-1.5508
-1.552
-1.552040941
-1.5537
-1.555639677
-1.5585
-1.559215049
-1.559422096
-1.5598
-1.5599
-1.56
-1.56
-1.56
-1.56
-1.56
-1.561
-1.5613
-1.5614
-1.563
-1.563665466
-1.564
-1.564399726
-1.564736497
-1.565
-1.5656
-1.5675
-1.5678
-1.5686
-1.5686
-1.5687
-1.5687
-1.5687
-1.568718144
-1.57
-1.57
-1.57
-1.57
-1.5701
-1.5704
-1.570984747
-1.575505364
-1.57624495
-1.576310856
-1.578382357
-1.58
-1.58
-1.580579513
-1.5809
-1.5826
-1.58498354
-1.585
-1.5867
-1.587161122
-1.5883
-1.588580927
-1.59
-1.59
-1.59
-1.59
-1.59
-1.5902
-1.5906
-1.591549855
-1.5916
-1.5917
-1.5917
-1.591715559
-1.592406042
-1.5959
-1.5961
-1.5974
-1.5978
-1.598
-1.59828953
-1.6
-1.6
-1.6
-1.6
-1.6
-1.6
-1.6
-1.6
-1.600248341
-1.6004
-1.6007
-1.600815525
-1.6021
-1.602448873
-1.6029
-1.604
-1.6058
-1.6066
-1.607002567
-1.607428748
-1.6085
-1.6098
-1.61
-1.61
-1.61
-1.6105
-1.6111
-1.6112
-1.6135
-1.6138
-1.614
-1.615379285
-1.6154
-1.6157
-1.6172
-1.6184
-1.6193
-1.6194
-1.6195
-1.62
-1.62
-1.62
-1.62
-1.62
-1.62
-1.621048971
-1.6217
-1.6223
-1.622546359
-1.6231
-1.62400348
-1.6252
-1.6274
-1.6287
-1.629032231
-1.629618671
-1.63
-1.63
-1.63
-1.63
-1.63
-1.630817582
-1.6324
-1.6336
-1.634
-1.634840597
-1.6365
-1.636738571
-1.6368
-1.638326634
-1.6391
-1.64
-1.64
-1.64
-1.64
-1.64
-1.64
-1.64
-1.6405
-1.641347932
-1.642266052
-1.642781181
-1.6458
-1.6464
-1.646789011
-1.6471
-1.647141463
-1.647557834
-1.65
-1.65
-1.65
-1.65
-1.65
-1.65
-1.6533
-1.653826526
-1.6543
-1.656093273
-1.6566
-1.6576
-1.66
-1.66
-1.66
-1.66
-1.66
-1.66
-1.66
-1.66
-1.66
-1.66
-1.660175876
-1.6622
-1.663
-1.663024463
-1.6646
-1.6668
-1.668298088
-1.6688
-1.6695
-1.67
-1.6704
-1.671832414
-1.672068062
-1.673119803
-1.675686709
-1.676206053
-1.6763
-1.6774
-1.6785332
-1.68
-1.68
-1.68
-1.68
-1.68
-1.68
-1.68
-1.682279323
-1.6839
-1.6848
-1.6853
-1.6875
-1.69
-1.69
-1.69
-1.69
-1.69
-1.69
-1.69
-1.690450821
-1.6917
-1.6917
-1.692536484
-1.692640297
-1.693
-1.6935
-1.6952
-1.6953
-1.69697299
-1.697530099
-1.6978
-1.698832456
-1.6996
-1.7
-1.7
-1.7
-1.7
-1.7
-1.7
-1.7
-1.7
-1.7025
-1.7037
-1.706127176
-1.706753006
-1.71
-1.71
-1.71
-1.71
-1.71
-1.7102
-1.7111
-1.711112365
-1.712
-1.7124
-1.7128
-1.7136
-1.715098888
-1.715687645
-1.716017996
-1.7166
-1.7178
-1.718248447
-1.7188
-1.718847397
-1.719860075
-1.72
-1.72
-1.72
-1.72
-1.72
-1.72
-1.72
-1.720777531
-1.720972355
-1.721
-1.723390854
-1.723701533
-1.7244
-1.7244
-1.727128194
-1.7285
-1.729316846
-1.729501225
-1.73
-1.73
-1.73
-1.73
-1.73
-1.73
-1.73
-1.7306
-1.730618615
-1.7326
-1.7331
-1.733847045
-1.735714189
-1.737335476
-1.7395
-1.74
-1.74
-1.74
-1.74
-1.74
-1.7403
-1.7415
-1.7419
-1.742195335
-1.7423
-1.743927996
-1.744232864
-1.7444
-1.7447
-1.744788784
-1.745907172
-1.747
-1.747
-1.747168641
-1.7487
-1.75
-1.75
-1.75
-1.7509
-1.753126312
-1.7541
-1.7546
-1.7557
-1.7558
-1.756
-1.7561
-1.7561
-1.7565
-1.756647676
-1.758481787
-1.759306143
-1.759410193
-1.76
-1.76
-1.76
-1.76
-1.7603
-1.761510148
-1.762
-1.763159597
-1.763581857
-1.764202268
-1.764813003
-1.766205568
-1.766528496
-1.767563244
-1.768
-1.769
-1.7691
-1.769197233
-1.7696
-1.77
-1.77
-1.77
-1.77
-1.77
-1.77
-1.77
-1.77
-1.770093003
-1.7705
-1.771821543
-1.772080431
-1.7723
-1.772587094
-1.7734
-1.779623135
-1.78
-1.78
-1.78
-1.78
-1.78
-1.78
-1.78
-1.78
-1.78
-1.780035133
-1.7815
-1.7824
-1.7827
-1.784
-1.785831196
-1.786365949
-1.7865
-1.7872
-1.787845868
-1.78824369
-1.7891
-1.789422053
-1.7898
-1.79
-1.79
-1.79
-1.79
-1.79
-1.79
-1.79
-1.7914
-1.792073711
-1.79226117
-1.7957
-1.796002246
-1.796392183
-1.7965
-1.799017293
-1.799112619
-1.799728458
-1.8
-1.8
-1.8
-1.8
-1.8
-1.8
-1.802914236
-1.803
-1.803
-1.804593715
-1.805
-1.805450609
-1.805905521
-1.8069
-1.807
-1.807646076
-1.8077
-1.809694359
-1.81
-1.81
-1.81
-1.81
-1.8101
-1.8108
-1.8122
-1.812900622
-1.8135
-1.8138
-1.8145
-1.816841725
-1.817914488
-1.8184
-1.8191
-1.819543504
-1.82
-1.82
-1.82
-1.82
-1.821038361
-1.821931715
-1.822256226
-1.8239
-1.825282751
-1.825456143
-1.826243245
-1.8263
-1.8268
-1.827
-1.8281
-1.8293
-1.829744737
-1.83
-1.83
-1.83
-1.83
-1.83
-1.83
-1.833
-1.833764651
-1.8346
-1.835797234
-1.8367
-1.8378
-1.838461676
-1.8388
-1.8392
-1.8395
-1.84
-1.84
-1.84
-1.84
-1.84
-1.84
-1.84
-1.8406
-1.8406
-1.8416
-1.842241499
-1.8427
-1.843
-1.8433
-1.8434
-1.8438
-1.844063724
-1.8456
-1.845668452
-1.84670557
-1.847135544
-1.8476
-1.849355422
-1.85
-1.85
-1.85
-1.85
-1.85
-1.85
-1.85
-1.850192261
-1.8507
-1.852601969
-1.8538
-1.85529404
-1.855655062
-1.857977427
-1.858
-1.8586
-1.858869039
-1.86
-1.86
-1.86
-1.86
-1.860061225
-1.8602
-1.8609
-1.8614
-1.862006084
-1.8623
-1.8632
-1.863533046
-1.8648
-1.8678
-1.8684
-1.869107387
-1.86983286
-1.87
-1.87
-1.87
-1.87
-1.8708
-1.873
-1.875569091
-1.8773
-1.877340851
-1.8779
-1.879697302
-1.88
-1.883279356
-1.8841
-1.8841
-1.885266962
-1.88532188
-1.886030361
-1.8861
-1.8862
-1.8868
-1.887
-1.8871
-1.887246692
-1.8898
-1.8898
-1.89
-1.89
-1.89
-1.89
-1.89
-1.89
-1.89
-1.89
-1.89
-1.89
-1.8903
-1.893447681
-1.893818753
-1.894461449
-1.894836231
-1.9
-1.9
-1.9
-1.9
-1.9
-1.9
-1.900555252
-1.901
-1.901344783
-1.901477183
-1.90265366
-1.90511867
-1.9076
-1.9079
-1.9093
-1.91
-1.91
-1.91
-1.91
-1.91
-1.91
-1.91
-1.91
-1.910729926
-1.911165602
-1.9122
-1.913
-1.914237348
-1.91532641
-1.9169
-1.9171
-1.918544784
-1.919234725
-1.9196
-1.9197
-1.92
-1.92
-1.92
-1.92
-1.92
-1.92
-1.92
-1.92
-1.92
-1.9202
-1.9203
-1.9208
-1.922
-1.9247
-1.9249
-1.925085284
-1.9255
-1.9259
-1.9264
-1.927
-1.9272
-1.9281
-1.9295
-1.93
-1.93
-1.93
-1.93
-1.93
-1.93
-1.9302
-1.931164755
-1.933
-1.935
-1.9351
-1.935500888
-1.9369
-1.937833911
-1.9381
-1.9385
-1.939465074
-1.94
-1.94
-1.94
-1.94
-1.940151412
-1.9402
-1.9408
-1.94099707
-1.942299553
-1.9424
-1.9424
-1.9424
-1.942572269
-1.942821991
-1.945
-1.945
-1.947
-1.947289546
-1.947653209
-1.9493
-1.95
-1.95
-1.95
-1.95
-1.95
-1.9509
-1.952
-1.9521
-1.9548
-1.9548
-1.9549
-1.9563
-1.9569
-1.9569
-1.9572
-1.9582
-1.959
-1.959467524
-1.96
-1.96
-1.96
-1.96
-1.96
-1.96
-1.96
-1.96
-1.9616
-1.9632
-1.9636
-1.964
-1.9642
-1.964349215
-1.9644
-1.9657
-1.968818258
-1.969
-1.97
-1.97
-1.97
-1.9704
-1.9712
-1.9733
-1.974517726
-1.9763
-1.976703976
-1.977138482
-1.9782
-1.98
-1.98
-1.98
-1.98
-1.98
-1.98
-1.98
-1.980309796
-1.980785388
-1.981
-1.981673118
-1.9849
-1.985
-1.9851
-1.9871
-1.9873
-1.987836786
-1.9885
-1.99
-1.99
-1.99
-1.99
-1.99
-1.99
-1.99
-1.99
-1.990078682
-1.9901
-1.9916
-1.991659848
-1.993
-1.993326586
-1.9937
-1.9942
-1.995302619
-1.9954
-1.997
-1.997252193
-1.9977
-1.9986
-2.0
-2.0
-2.0
-2.0
-2.0
-2.0
-2.0011
-2.0027
-2.004092218
-2.005111367
-2.0061
-2.006358589
-2.0083
-2.008588463
-2.008727887
-2.01
-2.01
-2.01
-2.01
-2.011278797
-2.012377793
-2.015948507
-2.016
-2.02
-2.02
-2.02
-2.02
-2.0216
-2.023633484
-2.0276
-2.03
-2.03
-2.03
-2.03
-2.03
-2.03
-2.03
-2.030180053
-2.0347
-2.0361
-2.039
-2.0394
-2.04
-2.04
-2.04
-2.04
-2.040520296
-2.0408
-2.0411
-2.0414
-2.042313822
-2.043101387
-2.0434
-2.0439
-2.0439
-2.043912167
-2.0451
-2.045238375
-2.045401474
-2.048500068
-2.0496
-2.0496
-2.05
-2.05
-2.05
-2.05
-2.05
-2.05
-2.05
-2.05
-2.050671467
-2.0545
-2.055017119
-2.055510379
-2.0558
-2.0566
-2.0568
-2.057288344
-2.0575
-2.0584
-2.0594
-2.06
-2.06
-2.06
-2.06
-2.06
-2.06
-2.06
-2.0604
-2.0608
-2.0608
-2.0611
-2.0621
-2.0625
-2.065
-2.06526472
-2.0656
-2.0659
-2.0673
-2.0674
-2.067961594
-2.068094275
-2.068630062
-2.07
-2.07
-2.07
-2.07
-2.0706
-2.071885074
-2.0729
-2.0734
-2.073729924
-2.0741
-2.0747
-2.07500028
-2.079
-2.0798
-2.08
-2.08
-2.08
-2.08
-2.08
-2.0814
-2.0822
-2.082970342
-2.084067899
-2.0841
-2.0853
-2.0885
-2.0887
-2.088831676
-2.09
-2.09
-2.09
-2.0909
-2.091
-2.0911
-2.0946
-2.094896806
-2.0955
-2.0958
-2.09612479
-2.0965
-2.0985
-2.099
-2.1
-2.1
-2.1
-2.1
-2.1
-2.1
-2.101
-2.1019
-2.10218738
-2.105210692
-2.1053
-2.105483191
-2.1058
-2.106
-2.1065272
-2.11
-2.11
-2.11
-2.11
-2.11
-2.11
-2.11
-2.11
-2.1103
-2.11058971
-2.1112
-2.111396949
-2.1114
-2.111500803
-2.111537593
-2.1129
-2.113595388
-2.1183
-2.1193
-2.1195
-2.12
-2.12
-2.12
-2.12
-2.12
-2.12
-2.12
-2.12
-2.1209
-2.1225
-2.124350764
-2.125
-2.125310985
-2.1296
-2.13
-2.13
-2.13
-2.13
-2.13
-2.13
-2.13
-2.13
-2.130384701
-2.130728127
-2.1308
-2.1325
-2.1339
-2.1351
-2.136202486
-2.1394
-2.14
-2.14
-2.14
-2.14
-2.1414
-2.1425
-2.1428
-2.144049559
-2.1445
-2.1453
-2.145565545
-2.147286724
-2.148
-2.149
-2.15
-2.15
-2.15
-2.15
-2.15
-2.15
-2.15106632
-2.152068465
-2.153696327
-2.1554
-2.1554
-2.155833357
-2.1562
-2.156676448
-2.158
-2.158172447
-2.159
-2.159
-2.16
-2.16
-2.16
-2.16
-2.16
-2.16
-2.16
-2.16
-2.160954298
-2.161609361
-2.1618
-2.1637
-2.1667
-2.1672
-2.167567043
-2.1693
-2.17
-2.17
-2.17
-2.17
-2.17
-2.17
-2.17
-2.17
-2.17
-2.1707
-2.17310492
-2.173896088
-2.175139595
-2.1757
-2.176687281
-2.177077944
-2.1782
-2.178419855
-2.179290593
-2.1794
-2.1795
-2.179682789
-2.179887223
-2.18
-2.18
-2.18
-2.18
-2.180765898
-2.185091479
-2.1851
-2.185523911
-2.185828855
-2.189958914
-2.19
-2.19
-2.19
-2.19
-2.19
-2.19
-2.19
-2.1908
-2.191037603
-2.191089976
-2.1913
-2.192561189
-2.192586036
-2.1934
-2.1945
-2.1954
-2.1956
-2.1973
-2.199127372
-2.199137363
-2.2
-2.2
-2.2
-2.2
-2.2
-2.2
-2.2
-2.2
-2.2
-2.2007
-2.201708674
-2.202203848
-2.205
-2.205601857
-2.207649723
-2.208470112
-2.2092
-2.21
-2.21
-2.21
-2.210072377
-2.210130555
-2.211401723
-2.213
-2.213096942
-2.2144
-2.218028318
-2.22
-2.22
-2.22
-2.22
-2.22
-2.22
-2.22
-2.2216331
-2.223
-2.2232
-2.2232
-2.224445792
-2.225136908
-2.226109519
-2.2267
-2.2273
-2.23
-2.23
-2.23
-2.23
-2.23
-2.2304
-2.2304
-2.231757445
-2.233440337
-2.2373
-2.2373
-2.2379
-2.238585126
-2.239623736
-2.24
-2.24
-2.24
-2.24
-2.24
-2.24
-2.24
-2.24
-2.24
-2.24
-2.2416
-2.243098748
-2.2436
-2.245
-2.245085326
-2.245531528
-2.245992211
-2.24666187
-2.2471
-2.2472
-2.2473
-2.248
-2.2481
-2.25
-2.25
-2.25
-2.25
-2.25
-2.25
-2.25
-2.252203004
-2.253
-2.254
-2.254040258
-2.255957874
-2.256644531
-2.2573
-2.257749011
-2.258829244
-2.2596
-2.26
-2.26
-2.26
-2.2601
-2.261313265
-2.262733408
-2.2644
-2.2664
-2.267384667
-2.2681
-2.268475684
-2.27
-2.27
-2.2702
-2.2709
-2.272990744
-2.273
-2.274008719
-2.2756
-2.277035079
-2.2782
-2.2786
-2.279225735
-2.279385535
-2.2797
-2.28
-2.28
-2.28
-2.28
-2.28
-2.2815
-2.2827
-2.28276885
-2.2839
-2.284
-2.2845
-2.2858
-2.2868
-2.286983634
-2.2886
-2.2888
-2.29
-2.29
-2.29
-2.29
-2.29
-2.29
-2.29
-2.291104446
-2.2926
-2.292933442
-2.293481376
-2.2979
-2.2994
-2.3
-2.3
-2.3
-2.3
-2.3
-2.3
-2.3
-2.3
-2.3
-2.3
-2.3
-2.3
-2.3
-2.3005
-2.3015
-2.3017
-2.302767888
-2.303614127
-2.3038
-2.3057
-2.3059
-2.306932302
-2.307122857
-2.3074
-2.308127519
-2.3097
-2.31
-2.31
-2.31
-2.31
-2.31
-2.31
-2.31
-2.31
-2.31
-2.31
-2.31
-2.31
-2.3122
-2.31343814
-2.314375006
-2.3151
-2.3152
-2.3153
-2.3153
-2.316221585
-2.319
-2.32
-2.32
-2.32
-2.32
-2.32
-2.32
-2.3202
-2.320601166
-2.3208
-2.3243
-2.3256
-2.3262
-2.3271
-2.327317556
-2.32906904
-2.33
-2.33
-2.33
-2.33
-2.33
-2.33
-2.33
-2.33
-2.33
-2.331672919
-2.3333
-2.334782902
-2.3354
-2.3363
-2.336416369
-2.337
-2.337666283
-2.33794082
-2.338
-2.3381
-2.339542101
-2.34
-2.34
-2.34
-2.34
-2.34
-2.34
-2.34
-2.34
-2.34
-2.340733519
-2.3428
-2.344979827
-2.345697125
-2.3457
-2.3466
-2.346916077
-2.3478
-2.349
-2.35
-2.35
-2.35
-2.35
-2.35
-2.35
-2.35
-2.35
-2.3502
-2.350745656
-2.351909504
-2.352215179
-2.3525
-2.3527
-2.3541
-2.3541
-2.354220979
-2.354799685
-2.355850446
-2.3566
-2.35661526
-2.357024785
-2.3586
-2.36
-2.36
-2.36
-2.36
-2.3614
-2.3617
-2.363208098
-2.364737497
-2.365667988
-2.366
-2.3662
-2.3663
-2.3666
-2.366992667
-2.3676
-2.369
-2.3696
-2.3698
-2.3698
-2.37
-2.37
-2.37
-2.37
-2.37
-2.371197393
-2.374
-2.375047335
-2.3752
-2.3757
-2.3776
-2.3791
-2.379760962
-2.38
-2.38
-2.38
-2.38
-2.38
-2.38
-2.38
-2.3837
-2.3837
-2.3849
-2.3853
-2.3865009
-2.3899
-2.39
-2.39
-2.39
-2.39
-2.39
-2.39
-2.39
-2.39
-2.3903
-2.390659928
-2.391
-2.3922
-2.3925
-2.392751997
-2.393595358
-2.3951
-2.3972
-2.3984
-2.4
-2.4
-2.4003
-2.400775362
-2.4014
-2.402
-2.402393281
-2.4029
-2.404
-2.404240574
-2.405757197
-2.406177873
-2.406536077
-2.407
-2.408479245
-2.4089
-2.409128664
-2.409651238
-2.41
-2.41
-2.41
-2.41
-2.41045076
-2.4107
-2.411668206
-2.412949573
-2.4135
-2.4142
-2.4142
-2.415352911
-2.4154
-2.4155
-2.4157
-2.416604157
-2.417174258
-2.417381608
-2.418090055
-2.419
-2.419967647
-2.42
-2.42
-2.42
-2.42
-2.42
-2.42
-2.42
-2.42
-2.420558395
-2.4206
-2.42214317
-2.423907212
-2.424454207
-2.4248
-2.426393048
-2.427
-2.427057806
-2.4272
-2.429980995
-2.43
-2.43
-2.43
-2.4318
-2.4326
-2.433237945
-2.4335
-2.4352
-2.4361
-2.436880918
-2.4371
-2.44
-2.44
-2.44
-2.44
-2.44
-2.4412
-2.4421
-2.4423
-2.4424
-2.4446
-2.4448
-2.446137954
-2.4464
-2.447858542
-2.44968993
-2.45
-2.45
-2.45
-2.45
-2.451
-2.451419462
-2.452
-2.4522
-2.45329736
-2.454057846
-2.454265074
-2.454899746
-2.4564
-2.4568
-2.458
-2.4581
-2.4599
-2.46
-2.46
-2.46
-2.46
-2.46
-2.46167357
-2.4657
-2.466030786
-2.4662
-2.466753911
-2.4688
-2.468825327
-2.469378031
-2.47
-2.47
-2.47
-2.47
-2.47
-2.47
-2.47
-2.47
-2.47
-2.47
-2.47
-2.4704
-2.470773563
-2.474006642
-2.474718615
-2.475043149
-2.4758
-2.478578955
-2.48
-2.48
-2.48
-2.48
-2.48
-2.48
-2.48
-2.48
-2.48
-2.48
-2.4809
-2.4809
-2.4817
-2.4821
-2.482107917
-2.483387966
-2.4845
-2.4861
-2.4862
-2.486375508
-2.487
-2.4884
-2.489690542
-2.4897
-2.49
-2.49
-2.49
-2.49
-2.49
-2.49
-2.49
-2.4904
-2.49122422
-2.491877231
-2.494168514
-2.4944
-2.494851361
-2.494902829
-2.4973
-2.497713585
-2.4989
-2.499798074
-2.4998
-2.5
-2.5
-2.5
-2.5
-2.5
-2.5
-2.5
-2.5011
-2.503
-2.503579611
-2.5038
-2.5057
-2.506711754
-2.50838394
-2.51
-2.51
-2.51
-2.51
-2.510422359
-2.5108
-2.5113
-2.5132
-2.5139
-2.5141
-2.514943789
-2.515915381
-2.51754425
-2.5177
-2.5191
-2.519248335
-2.52
-2.52
-2.52
-2.52
-2.52
-2.52
-2.5221
-2.522680786
-2.5234
-2.5243
-2.52573978
-2.526575134
-2.526815423
-2.528127071
-2.5283
-2.53
-2.53
-2.53
-2.53
-2.53
-2.53
-2.53
-2.53
-2.5301
-2.5304
-2.5309
-2.533704672
-2.535
-2.535987278
-2.536373209
-2.5365
-2.538
-2.5384
-2.5387
-2.5395
-2.54
-2.54
-2.54
-2.54
-2.54
-2.54
-2.541
-2.5415
-2.5415
-2.5417
-2.5421
-2.542361308
-2.543
-2.5436
-2.5442
-2.544367455
-2.544904806
-2.548488397
-2.5494
-2.5497
-2.55
-2.55
-2.55
-2.55
-2.55
-2.5501
-2.550297857
-2.550925455
-2.55201324
-2.5525
-2.552747282
-2.5546
-2.557079916
-2.56
-2.56
-2.56
-2.56
-2.56
-2.56
-2.56
-2.56
-2.56
-2.560404377
-2.5622
-2.5626
-2.563130476
-2.563625713
-2.563966491
-2.564
-2.5644
-2.5648
-2.5656
-2.566969077
-2.5687
-2.57
-2.57
-2.57
-2.5716
-2.5748
-2.575
-2.5763
-2.576720352
-2.576943359
-2.5784
-2.5784
-2.5785
-2.58
-2.58
-2.58
-2.5803
-2.580479862
-2.5813
-2.582541974
-2.5843
-2.5846
-2.588667606
-2.588821642
-2.5895
-2.5895
-2.59
-2.59
-2.59
-2.59
-2.590925857
-2.591
-2.593688492
-2.5937
-2.59390625
-2.5941
-2.595175443
-2.5955
-2.5958
-2.596
-2.597
-2.5976
-2.599256825
-2.6
-2.6
-2.6
-2.6
-2.6
-2.6
-2.6
-2.6003
-2.6003
-2.6015
-2.602434694
-2.6025
-2.6026
-2.603841144
-2.6066
-2.6069
-2.6087
-2.6099
-2.61
-2.61
-2.610551759
-2.6157
-2.6177
-2.618046836
-2.6198
-2.62
-2.62
-2.62
-2.62
-2.62
-2.62
-2.62
-2.62
-2.62
-2.62
-2.62
-2.6212
-2.621433551
-2.622198475
-2.622338856
-2.622795669
-2.622959195
-2.626
-2.6268
-2.627
-2.63
-2.63
-2.63
-2.63
-2.63
-2.63
-2.63
-2.63
-2.63
-2.63
-2.63
-2.63
-2.63
-2.6301
-2.6307
-2.6323
-2.634320541
-2.6354
-2.6359
-2.636
-2.637377139
-2.6383
-2.639
-2.639897679
-2.64
-2.64
-2.64
-2.64
-2.64
-2.64
-2.64
-2.6404
-2.641819273
-2.642008137
-2.643261824
-2.6464
-2.6468
-2.6468
-2.6468
-2.6471
-2.6472
-2.647537233
-2.64774351
-2.648
-2.648977722
-2.65
-2.65
-2.65
-2.65
-2.650086994
-2.6511
-2.6514
-2.653206406
-2.6538
-2.6561
-2.656892778
-2.657001848
-2.6592
-2.66
-2.66
-2.66
-2.660025838
-2.6608
-2.661
-2.661319514
-2.6618
-2.662589054
-2.663075861
-2.664548539
-2.664780194
-2.6677
-2.667770969
-2.669
-2.67
-2.67
-2.67
-2.67
-2.67
-2.67
-2.67
-2.67
-2.67
-2.67
-2.6701
-2.6706
-2.672402404
-2.672674663
-2.67352571
-2.67352571
-2.674843542
-2.6758
-2.675906595
-2.676
-2.6774
-2.678081133
-2.6783
-2.6796
-2.679885573
-2.68
-2.68
-2.68
-2.68
-2.68
-2.68
-2.68
-2.68
-2.68
-2.68
-2.68
-2.68
-2.68
-2.68
-2.68
-2.68
-2.6816
-2.6817
-2.6846
-2.6852
-2.687445856
-2.687630237
-2.6878
-2.687947003
-2.689083393
-2.69
-2.69
-2.69
-2.69
-2.69
-2.69
-2.69
-2.69
-2.69
-2.69
-2.691927271
-2.692470896
-2.6954
-2.695999804
-2.696
-2.696191526
-2.698845903
-2.699
-2.699029836
-2.699363586
-2.6994
-2.6995
-2.6995
-2.7
-2.7
-2.7
-2.7
-2.7
-2.7
-2.7
-2.7
-2.7
-2.7
-2.7
-2.7
-2.7
-2.7
-2.7
-2.701095244
-2.701591149
-2.7021
-2.702803349
-2.703174404
-2.7039
-2.7063
-2.706734458
-2.7078
-2.71
-2.71
-2.71
-2.71
-2.71
-2.71
-2.71
-2.710489277
-2.711685939
-2.71429469
-2.7145
-2.716017407
-2.7171
-2.7172
-2.7186
-2.7193
-2.72
-2.72
-2.72
-2.72
-2.72
-2.72
-2.72
-2.72
-2.72
-2.72
-2.72
-2.72
-2.722197764
-2.7223
-2.722438715
-2.7229
-2.7272
-2.7275
-2.73
-2.73
-2.73
-2.73
-2.73
-2.73
-2.73
-2.73
-2.7307
-2.7308
-2.7321
-2.732588375
-2.733020621
-2.73434753
-2.7345
-2.734641439
-2.7353
-2.735417906
-2.7359
-2.735926094
-2.7372
-2.7377
-2.738284824
-2.738772633
-2.74
-2.74
-2.74
-2.74
-2.74
-2.74
-2.7429
-2.7435
-2.7436
-2.744685443
-2.7448
-2.746
-2.7469
-2.747405168
-2.747593942
-2.7477
-2.747738524
-2.749344685
-2.749354496
-2.7494
-2.75
-2.75
-2.75
-2.75
-2.75
-2.75
-2.7501
-2.7505
-2.750681924
-2.7588
-2.7592
-2.759957367
-2.76
-2.76
-2.76
-2.76
-2.76
-2.7612723
-2.761513586
-2.762296476
-2.764701082
-2.7656
-2.766775599
-2.7668
-2.767361572
-2.767853696
-2.76811118
-2.7695
-2.77
-2.77
-2.77
-2.77
-2.77
-2.77
-2.77
-2.77
-2.77
-2.770853612
-2.772789495
-2.774
-2.7745
-2.776432949
-2.778226795
-2.7785
-2.7785
-2.778562332
-2.78
-2.78
-2.781128006
-2.7813
-2.785256582
-2.786820452
-2.7894
-2.7896
-2.79
-2.79
-2.79
-2.79
-2.79
-2.79
-2.790216782
-2.791
-2.792724534
-2.792947984
-2.7939
-2.796418719
-2.7993
-2.8
-2.8
-2.8
-2.8
-2.8
-2.8001
-2.800595088
-2.802624638
-2.805
-2.806877
-2.808391369
-2.809
-2.809
-2.8092
-2.8097
-2.81
-2.81
-2.81
-2.81
-2.8102
-2.811828673
-2.812
-2.81214297
-2.81214297
-2.8126
-2.813
-2.813509506
-2.8141
-2.816496397
-2.819336696
-2.81950432
-2.82
-2.82
-2.82
-2.82
-2.82
-2.82
-2.82
-2.82
-2.82
-2.820404347
-2.820459609
-2.820609377
-2.8248
-2.825819918
-2.825873142
-2.826
-2.8265
-2.826535469
-2.8266
-2.8267
-2.8271
-2.8289
-2.83
-2.83
-2.83
-2.83
-2.83
-2.83
-2.83
-2.83
-2.830260853
-2.830299065
-2.830470194
-2.835904882
-2.84
-2.84
-2.84
-2.84
-2.84
-2.84
-2.84
-2.8409
-2.847330143
-2.8474
-2.847721205
-2.848098023
-2.8497
-2.849722352
-2.85
-2.85
-2.85
-2.85
-2.85
-2.85
-2.85
-2.8516
-2.854511354
-2.856925458
-2.8578
-2.8579
-2.8583
-2.858808721
-2.86
-2.86
-2.861
-2.861113735
-2.8612
-2.8664
-2.8665
-2.8684
-2.869075736
-2.87
-2.87
-2.87
-2.87
-2.870073641
-2.8712
-2.8726
-2.874
-2.8741
-2.87422578
-2.8745
-2.8747
-2.8756
-2.877252416
-2.8773
-2.877472795
-2.8784
-2.878601076
-2.8795
-2.88
-2.88
-2.88
-2.8803
-2.882184886
-2.883311239
-2.884501857
-2.8846
-2.884634649
-2.8857
-2.8868
-2.8871
-2.888798283
-2.8896
-2.89
-2.89
-2.89
-2.89
-2.89
-2.89
-2.89
-2.8919
-2.892356214
-2.8925
-2.895
-2.8951
-2.8971
-2.898070996
-2.8999
-2.9
-2.9
-2.9
-2.9004
-2.902722822
-2.905955068
-2.9076
-2.908515996
-2.9086
-2.90897944
-2.91
-2.91
-2.91
-2.91
-2.91
-2.91
-2.91
-2.91
-2.91
-2.91
-2.91
-2.917000159
-2.918005419
-2.91914164
-2.9196
-2.92
-2.92
-2.92
-2.92
-2.92
-2.92
-2.92
-2.92
-2.92
-2.92
-2.9206
-2.9209
-2.92262005
-2.925284669
-2.929898895
-2.93
-2.93
-2.93
-2.930311379
-2.932
-2.93204037
-2.932139436
-2.9338
-2.936886553
-2.937344842
-2.9374
-2.9374
-2.9384
-2.9395
-2.94
-2.94
-2.94
-2.94
-2.94
-2.943
-2.9437
-2.9437
-2.946604067
-2.949026268
-2.95
-2.95
-2.95
-2.95
-2.95
-2.95
-2.95
-2.9501
-2.9512
-2.95264717
-2.9549
-2.956287317
-2.957711532
-2.958195047
-2.9596
-2.96
-2.96
-2.96
-2.96
-2.96
-2.96
-2.96
-2.96
-2.96
-2.96
-2.961273931
-2.963513719
-2.9644
-2.9648
-2.965977173
-2.9663
-2.9677
-2.967747126
-2.968204541
-2.968988553
-2.969024542
-2.97
-2.97
-2.97
-2.97
-2.97
-2.97
-2.97
-2.9723
-2.972995891
-2.973
-2.974
-2.9758
-2.9771
-2.979244778
-2.979987205
-2.98
-2.98
-2.98
-2.98
-2.98
-2.98
-2.9801
-2.9804
-2.983
-2.983946158
-2.9844
-2.988795303
-2.989804004
-2.989959968
-2.99
-2.99
-2.99
-2.99
-2.99
-2.99
-2.99
-2.9902
-2.990876868
-2.997177609
-2.9973
-2.997665561
-2.9987
-2.998795888
-2.9996
-3.0
-3.0
-3.0
-3.0
-3.0
-3.0
-3.0
-3.0
-3.0
-3.0
-3.0
-3.0
-3.0003
-3.0003
-3.0005
-3.0005
-3.0006
-3.000616717
-3.002154647
-3.0031
-3.003359989
-3.004181056
-3.004467174
-3.005248988
-3.006121292
-3.0074
-3.0077
-3.008082322
-3.0081
-3.009132774
-3.009145641
-3.009726571
-3.01
-3.01
-3.01
-3.0104
-3.011015398
-3.013046764
-3.0138
-3.014809552
-3.0163
-3.01732508
-3.018373748
-3.02
-3.02
-3.02
-3.02
-3.02
-3.02
-3.02
-3.02
-3.020394269
-3.021
-3.021359064
-3.022952972
-3.0256
-3.026343537
-3.0265
-3.0266
-3.0272
-3.0299
-3.03
-3.03
-3.03
-3.0319
-3.033
-3.033448375
-3.036152484
-3.0364
-3.0376
-3.038699623
-3.04
-3.04
-3.04
-3.04
-3.040285322
-3.041064725
-3.0418
-3.043
-3.044
-3.045355413
-3.045838317
-3.046
-3.046658418
-3.0467
-3.04954214
-3.05
-3.05
-3.05
-3.05
-3.05
-3.05
-3.05
-3.05
-3.05
-3.05
-3.05
-3.05
-3.050655964
-3.0514
-3.0516
-3.052101177
-3.055599607
-3.0557
-3.0559
-3.055986963
-3.0585
-3.059278372
-3.06
-3.06
-3.06
-3.06
-3.06
-3.06
-3.06
-3.062508747
-3.0643
-3.0647
-3.0653
-3.0665
-3.06681876
-3.068746
-3.0689
-3.069
-3.069321152
-3.07
-3.07
-3.07
-3.07
-3.07
-3.07
-3.0709
-3.074152207
-3.074227426
-3.0765
-3.079764438
-3.079863818
-3.079886402
-3.079929481
-3.08
-3.08
-3.08
-3.08
-3.08
-3.08
-3.0802
-3.080206763
-3.080612958
-3.081326924
-3.082409058
-3.0827
-3.0832
-3.085
-3.088564823
-3.088723614
-3.088778192
-3.08883445
-3.09
-3.09
-3.09
-3.09
-3.09
-3.09
-3.0902
-3.0905
-3.0905
-3.092
-3.0929
-3.093
-3.0948
-3.0958
-3.095972536
-3.0961
-3.097609749
-3.1
-3.1
-3.1
-3.1
-3.1
-3.1
-3.1
-3.1
-3.1
-3.1
-3.1
-3.1017
-3.1019
-3.103262125
-3.104157036
-3.1042
-3.10598011
-3.107
-3.107028976
-3.1079
-3.11
-3.11
-3.11
-3.11
-3.11
-3.11
-3.11
-3.1104
-3.1112
-3.111478098
-3.112109244
-3.112893643
-3.1137
-3.114865161
-3.1157
-3.1165
-3.1173
-3.117444335
-3.117444335
-3.119596868
-3.12
-3.12
-3.12
-3.12
-3.123150304
-3.1232
-3.1234
-3.124
-3.1248
-3.124945522
-3.125539877
-3.1257
-3.1265
-3.12750109
-3.128034162
-3.1284
-3.1295
-3.13
-3.13
-3.13
-3.13
-3.13
-3.130955276
-3.1319
-3.132383191
-3.1346
-3.13627918
-3.1364
-3.136750998
-3.1373
-3.1389
-3.1389
-3.1393
-3.1398
-3.14
-3.14
-3.14
-3.14
-3.1435
-3.147126226
-3.1498
-3.15
-3.15
-3.15
-3.15
-3.15
-3.151504892
-3.152023201
-3.1559
-3.156500662
-3.1572
-3.1574
-3.158832906
-3.1592
-3.159921987
-3.16
-3.16
-3.16
-3.16
-3.16
-3.1614
-3.163
-3.1633
-3.1639
-3.164147933
-3.1656
-3.1666
-3.17
-3.17
-3.17
-3.17
-3.17
-3.17
-3.17
-3.17
-3.17
-3.1711
-3.1714
-3.171909199
-3.172023424
-3.1727
-3.1727
-3.172739561
-3.172955944
-3.1737
-3.174187371
-3.1742
-3.1766
-3.176796415
-3.1772
-3.179312365
-3.179451248
-3.179502969
-3.18
-3.18
-3.18
-3.18
-3.18
-3.18
-3.18
-3.18
-3.18
-3.18
-3.18
-3.1825
-3.185103531
-3.1882
-3.19
-3.19
-3.19
-3.19
-3.19
-3.19
-3.19
-3.19
-3.1901
-3.1922
-3.1926
-3.194
-3.1959
-3.196398091
-3.1972
-3.199631781
-3.2
-3.2
-3.2
-3.2
-3.200000781
-3.20051812
-3.203337363
-3.203737155
-3.204512738
-3.204880928
-3.2057
-3.2068
-3.20690949
-3.207299361
-3.2078
-3.21
-3.21
-3.210297936
-3.2109
-3.2113
-3.2166
-3.2169
-3.2178
-3.2196
-3.22
-3.22
-3.22
-3.22
-3.22
-3.22
-3.22
-3.22
-3.22
-3.2204
-3.221135687
-3.221550116
-3.2225
-3.223
-3.223039886
-3.2232
-3.224
-3.225649088
-3.2262
-3.228259722
-3.2286
-3.228897985
-3.2291
-3.23
-3.23
-3.23
-3.2301
-3.2307
-3.235078816
-3.235762244
-3.2365
-3.2386
-3.24
-3.2408
-3.2419
-3.2423
-3.2425
-3.243750947
-3.247760565
-3.25
-3.25
-3.25
-3.2502
-3.250398558
-3.252213315
-3.254767098
-3.255345443
-3.256981001
-3.258677936
-3.259336938
-3.259634304
-3.26
-3.26
-3.26
-3.260259354
-3.2604
-3.261464491
-3.2626
-3.262691733
-3.26286953
-3.264007824
-3.264264374
-3.26592063
-3.2671
-3.267982491
-3.269616058
-3.27
-3.27
-3.27
-3.27
-3.27
-3.270406298
-3.2706
-3.27068643
-3.271047196
-3.274087547
-3.2761
-3.278942885
-3.28
-3.28
-3.2803
-3.2831
-3.284
-3.285433603
-3.2855
-3.2859
-3.286116314
-3.286478485
-3.2883
-3.2899
-3.29
-3.29
-3.29
-3.29
-3.29
-3.29
-3.291300662
-3.292023351
-3.2959
-3.295936368
-3.296613578
-3.297212067
-3.2987
-3.2994
-3.3
-3.3
-3.3
-3.3
-3.3
-3.300206601
-3.300731852
-3.30077355
-3.3015
-3.3015
-3.3016
-3.301742894
-3.301824028
-3.302656786
-3.3062
-3.3065
-3.307
-3.3075
-3.3085
-3.3086
-3.309
-3.3093
-3.31
-3.31
-3.31
-3.31
-3.31
-3.31
-3.31
-3.31
-3.31
-3.31
-3.31
-3.31
-3.3104
-3.3105
-3.3138
-3.314476262
-3.3187
-3.3192
-3.32
-3.32
-3.32
-3.3202
-3.3204
-3.322422536
-3.3228
-3.323633394
-3.324
-3.324378497
-3.3248
-3.324981323
-3.3254
-3.327456749
-3.327512367
-3.3284
-3.32858345
-3.329074326
-3.32928972
-3.33
-3.33
-3.33
-3.33
-3.3305
-3.332762335
-3.333093505
-3.335193031
-3.3371
-3.338049828
-3.3396
-3.339761604
-3.34
-3.34
-3.34
-3.34
-3.34
-3.34
-3.34
-3.34190657
-3.3429
-3.345107824
-3.346482648
-3.3466
-3.3469
-3.3483
-3.3499
-3.35
-3.35
-3.35
-3.35
-3.35
-3.3503
-3.351339264
-3.3522
-3.3533
-3.354968489
-3.3555
-3.3567
-3.3572
-3.3574
-3.3575
-3.358911212
-3.36
-3.36
-3.36
-3.36
-3.36
-3.3605
-3.36230202
-3.364225398
-3.365543497
-3.367213956
-3.367227586
-3.3674
-3.3681
-3.3682
-3.37
-3.37
-3.37
-3.37
-3.37
-3.37
-3.37
-3.37
-3.37502496
-3.3759
-3.3797
-3.38
-3.38
-3.38
-3.38
-3.38
-3.3822
-3.3825
-3.383020526
-3.384192904
-3.385844558
-3.3865
-3.3867
-3.38691577
-3.39
-3.39
-3.39
-3.39
-3.39
-3.39
-3.39
-3.39
-3.39
-3.3918
-3.393259787
-3.3936
-3.394062684
-3.396366501
-3.397432456
-3.397626179
-3.397629332
-3.3979
-3.398457379
-3.4
-3.4
-3.4
-3.4
-3.4
-3.4
-3.4
-3.400175355
-3.40244315
-3.403685043
-3.4053
-3.4066
-3.4078
-3.408
-3.4085
-3.4086
-3.408824851
-3.41
-3.41
-3.41
-3.41
-3.41
-3.41
-3.41
-3.411
-3.411513885
-3.411619706
-3.414
-3.4141
-3.41504339
-3.416484827
-3.417245584
-3.4174
-3.42
-3.42
-3.42
-3.420275441
-3.423291255
-3.425
-3.4264
-3.427044449
-3.4288
-3.429
-3.43
-3.43
-3.43
-3.43
-3.43
-3.430223891
-3.43023888
-3.431863898
-3.4342
-3.43464733
-3.435168605
-3.435950486
-3.437525292
-3.4377
-3.44
-3.4428
-3.443435431
-3.443438603
-3.445216137
-3.445811824
-3.4475
-3.45
-3.451515538
-3.451790553
-3.452021679
-3.4527
-3.45410264
-3.45428914
-3.4588
-3.459862901
-3.46
-3.46
-3.46
-3.46
-3.4624
-3.4634
-3.46576061
-3.468
-3.46822448
-3.468385388
-3.47
-3.47
-3.47077928
-3.4727
-3.473139052
-3.4746
-3.4757
-3.4776
-3.477980722
-3.4791
-3.4792
-3.4792
-3.48
-3.48
-3.48
-3.48
-3.48
-3.48
-3.48
-3.48
-3.48
-3.48
-3.48
-3.4801
-3.481181611
-3.4833
-3.4843
-3.4881
-3.4886
-3.489215864
-3.49
-3.49
-3.49
-3.49
-3.49
-3.4924
-3.494552618
-3.495
-3.495359601
-3.496323842
-3.497557581
-3.49862834
-3.4994
-3.499700952
-3.5
-3.5
-3.5
-3.5
-3.5
-3.5
-3.5
-3.5
-3.504
-3.508249427
-3.508372679
-3.5091
-3.51
-3.51
-3.51
-3.51
-3.51
-3.511895604
-3.512942193
-3.513468741
-3.51623781
-3.518198523
-3.5185
-3.5188
-3.52
-3.52
-3.52
-3.52
-3.52
-3.52
-3.52
-3.5214
-3.521938946
-3.5228
-3.523
-3.524243771
-3.5251
-3.525627796
-3.526033775
-3.526422567
-3.529299295
-3.529803064
-3.53
-3.53
-3.53
-3.53
-3.5304
-3.5319
-3.5321
-3.5322
-3.533758505
-3.533884584
-3.534
-3.534247486
-3.534288097
-3.537
-3.537
-3.5372
-3.538
-3.538303545
-3.539328096
-3.539740421
-3.54
-3.54
-3.54
-3.5401
-3.542587387
-3.544059701
-3.544278177
-3.545270972
-3.54624346
-3.548153643
-3.55
-3.55
-3.55
-3.55
-3.55
-3.55
-3.55
-3.55
-3.55
-3.55
-3.55
-3.55
-3.55
-3.55
-3.551628893
-3.5525
-3.552529509
-3.552826145
-3.554059535
-3.556228502
-3.557960056
-3.558040393
-3.5583
-3.558592794
-3.56
-3.56
-3.56
-3.56
-3.560504415
-3.5614
-3.5629
-3.5639
-3.565125898
-3.566726689
-3.567
-3.5673
-3.567368139
-3.5677
-3.56837734
-3.57
-3.57
-3.57
-3.57
-3.5706
-3.5714
-3.571592646
-3.5716
-3.5738
-3.5741
-3.574289036
-3.574642165
-3.574799439
-3.577962337
-3.5782
-3.58
-3.58
-3.58
-3.58
-3.580841851
-3.583510043
-3.584333486
-3.584714192
-3.584715147
-3.586396216
-3.587759138
-3.588076274
-3.5885
-3.5889
-3.5891
-3.589641142
-3.589767466
-3.59
-3.59
-3.59
-3.59
-3.59
-3.59
-3.59
-3.59
-3.59
-3.59
-3.5903
-3.591642752
-3.5924
-3.59314941
-3.5932
-3.5932
-3.5952
-3.5952
-3.597416499
-3.597623767
-3.597623767
-3.6
-3.6
-3.6
-3.6
-3.6
-3.6
-3.601749798
-3.602667578
-3.6036
-3.6037
-3.607578431
-3.60911048
-3.6098
-3.61
-3.61
-3.61
-3.6116
-3.613
-3.613249563
-3.6147
-3.616127121
-3.6174
-3.618466492
-3.618918602
-3.619529862
-3.62
-3.62
-3.62
-3.62
-3.62
-3.624481304
-3.63
-3.63
-3.63
-3.63
-3.63
-3.63
-3.63
-3.631245614
-3.632331097
-3.634
-3.6344
-3.6367
-3.6391
-3.64
-3.64
-3.64
-3.64
-3.6402
-3.643344283
-3.645700574
-3.65
-3.65
-3.65
-3.65
-3.651080563
-3.6512
-3.651887666
-3.653340518
-3.655044576
-3.657273104
-3.65730891
-3.657617041
-3.6577
-3.659701705
-3.66
-3.66
-3.66
-3.66
-3.66
-3.6604
-3.662354453
-3.663273282
-3.6646
-3.667231164
-3.6687
-3.6691
-3.6693
-3.669517691
-3.67
-3.67
-3.67
-3.67
-3.6702
-3.6703
-3.670339628
-3.672
-3.6723
-3.673154735
-3.6744
-3.6745
-3.675280089
-3.6757
-3.677346846
-3.677461515
-3.678
-3.6786
-3.68
-3.68
-3.68
-3.68
-3.68
-3.68
-3.68
-3.68
-3.680444963
-3.6822
-3.6835
-3.6865
-3.69
-3.69
-3.6912
-3.6949
-3.695
-3.697448425
-3.697625957
-3.69870535
-3.698709313
-3.698711108
-3.698734262
-3.699
-3.699
-3.699640669
-3.7
-3.7
-3.7
-3.7
-3.7
-3.7
-3.7
-3.7
-3.700359651
-3.7007
-3.700831652
-3.703092646
-3.703694345
-3.704897417
-3.7064
-3.7068
-3.708142472
-3.7082
-3.709577168
-3.71
-3.71
-3.71
-3.71
-3.715606233
-3.7162
-3.7164
-3.7166
-3.717084224
-3.718391335
-3.718503765
-3.72
-3.72
-3.72
-3.72
-3.720949796
-3.720980854
-3.721988672
-3.7232
-3.7248
-3.725525503
-3.72590382
-3.726148307
-3.727695225
-3.73
-3.73
-3.73
-3.73
-3.73
-3.73
-3.73
-3.73
-3.73
-3.7306
-3.732719889
-3.7355
-3.739643636
-3.739816376
-3.74
-3.74
-3.74
-3.74
-3.74
-3.74
-3.742373099
-3.744077739
-3.745054809
-3.746150762
-3.7476
-3.75
-3.75
-3.75
-3.75
-3.75
-3.7531
-3.754953216
-3.755421034
-3.756179517
-3.758607848
-3.759703076
-3.7599
-3.76
-3.76
-3.76
-3.76
-3.76
-3.760107067
-3.76024149
-3.762
-3.7655
-3.7665
-3.767213335
-3.769285533
-3.769441651
-3.77
-3.77
-3.77
-3.77
-3.7709815
-3.771802847
-3.772570424
-3.775545726
-3.775990335
-3.78
-3.78
-3.78
-3.78
-3.780265245
-3.783
-3.784486057
-3.786028703
-3.79
-3.79
-3.791782061
-3.791936142
-3.79357605
-3.795
-3.7959
-3.796046333
-3.796856222
-3.7998
-3.8
-3.8
-3.8
-3.8
-3.8
-3.8
-3.8
-3.8
-3.8
-3.8003
-3.8009
-3.802676912
-3.8028
-3.803181261
-3.803793515
-3.806483007
-3.808969481
-3.81
-3.81
-3.81
-3.81
-3.810962795
-3.8118
-3.8121
-3.8126
-3.8135
-3.8156
-3.815672435
-3.81577692
-3.816
-3.82
-3.82
-3.82
-3.82
-3.82
-3.82
-3.82
-3.82
-3.82
-3.82
-3.82
-3.82
-3.8202
-3.82022117
-3.820367293
-3.8226
-3.8226
-3.823043168
-3.823604529
-3.823642184
-3.824
-3.8248
-3.824868511
-3.825587453
-3.8294
-3.83
-3.83
-3.830500177
-3.834
-3.834
-3.835390149
-3.836075758
-3.8373
-3.839084061
-3.84
-3.84
-3.84
-3.84
-3.84
-3.8403
-3.84259676
-3.842746406
-3.843268562
-3.844273271
-3.845472951
-3.845829996
-3.845830759
-3.84649653
-3.848
-3.85
-3.85
-3.85
-3.85
-3.85
-3.85
-3.85
-3.85
-3.85
-3.850854284
-3.851456788
-3.8523
-3.853
-3.8533
-3.8557
-3.86
-3.86
-3.86
-3.861424691
-3.86327488
-3.8638
-3.86580004
-3.8664
-3.86815387
-3.8697
-3.87
-3.8717
-3.874596884
-3.875
-3.875709649
-3.8762
-3.8775
-3.88
-3.88
-3.8838495
-3.885768033
-3.885782577
-3.8866
-3.8885
-3.889063885
-3.89
-3.89
-3.89
-3.89
-3.89
-3.89
-3.89
-3.892417941
-3.8925
-3.893
-3.8931862
-3.89356759
-3.893739071
-3.8945
-3.8981
-3.898655621
-3.9
-3.9
-3.9
-3.9
-3.9
-3.900334993
-3.902
-3.9031
-3.9031
-3.9033
-3.903732091
-3.9049
-3.905464204
-3.906400656
-3.909307051
-3.91
-3.91
-3.91
-3.9145
-3.9172
-3.919173798
-3.91989545
-3.92
-3.92
-3.92
-3.92
-3.920537483
-3.920758898
-3.9208
-3.922851514
-3.93
-3.93
-3.93
-3.93
-3.93
-3.930174451
-3.931
-3.931170339
-3.932
-3.933735783
-3.9351
-3.937488879
-3.94
-3.94
-3.94
-3.94
-3.94
-3.94
-3.94
-3.9404
-3.9417
-3.9422
-3.9433
-3.944100371
-3.9469
-3.947
-3.949
-3.95
-3.95
-3.95
-3.95
-3.95
-3.95
-3.95
-3.9505
-3.9507
-3.951281028
-3.951518842
-3.9524
-3.954222946
-3.9544
-3.9548
-3.955
-3.956081947
-3.958340298
-3.958346195
-3.9588
-3.9598
-3.96
-3.96
-3.96
-3.96
-3.9631
-3.9641
-3.9652
-3.966197809
-3.9686
-3.969239559
-3.97
-3.97
-3.97
-3.97
-3.971688427
-3.972
-3.972
-3.972930257
-3.97511656
-3.9756
-3.9756
-3.976401784
-3.9784
-3.9788
-3.979450176
-3.98
-3.98
-3.98
-3.98
-3.98
-3.9803
-3.982
-3.983745318
-3.985352266
-3.988526528
-3.988563911
-3.989117726
-3.989167832
-3.99
-3.990160109
-3.992340979
-3.992340979
-3.994274106
-3.996383552
-3.999671271
-3.999692878
-4.0
-4.0
-4.0
-4.0
-4.0
-4.0
-4.0
-4.0
-4.0
-4.0
-4.0017
-4.0022
-4.002368633
-4.005176134
-4.0055
-4.008053211
-4.01
-4.01
-4.01
-4.0104
-4.012782104
-4.0138
-4.014709735
-4.016533711
-4.0179592
-4.02
-4.02
-4.02
-4.02
-4.02
-4.021753515
-4.0218
-4.022319118
-4.02327315
-4.02430091
-4.027084465
-4.0287
-4.028793779
-4.03
-4.03
-4.03
-4.03
-4.030164126
-4.030447085
-4.031
-4.0312
-4.0326
-4.034756761
-4.037430925
-4.0388
-4.04
-4.04
-4.04
-4.040590426
-4.043662925
-4.0444
-4.0445
-4.045287835
-4.045663238
-4.05
-4.05
-4.05
-4.05
-4.05
-4.05
-4.05
-4.05
-4.050333221
-4.054976729
-4.055255601
-4.055960832
-4.057185148
-4.057692864
-4.059862936
-4.06
-4.06
-4.060201259
-4.062449254
-4.06353038
-4.0649
-4.065230045
-4.066886933
-4.069491258
-4.07
-4.07
-4.0725
-4.079965434
-4.08
-4.08
-4.08
-4.08
-4.08
-4.0814
-4.083
-4.0837
-4.0851
-4.085731667
-4.0876
-4.08795879
-4.09
-4.09
-4.090187913
-4.0908
-4.091229444
-4.0947
-4.09593873
-4.096484707
-4.097612213
-4.0986
-4.0989
-4.1
-4.1
-4.1
-4.1
-4.1
-4.100706158
-4.1009
-4.105730153
-4.1065
-4.107
-4.1077
-4.1097
-4.11
-4.114
-4.116871778
-4.1183
-4.1196
-4.12
-4.12
-4.12
-4.1206
-4.122
-4.122768724
-4.1254
-4.1254
-4.125654352
-4.1267
-4.1297
-4.13
-4.13
-4.13
-4.13
-4.1322
-4.133
-4.134294434
-4.135942613
-4.139133643
-4.14
-4.14
-4.14
-4.14
-4.14
-4.14
-4.141900896
-4.1481
-4.1488
-4.149259389
-4.15
-4.15
-4.15
-4.15
-4.15
-4.1504
-4.150608709
-4.151088918
-4.151910976
-4.154195657
-4.1546
-4.154641778
-4.1549
-4.1558
-4.156442533
-4.1577
-4.1579
-4.1586
-4.159911756
-4.16
-4.16
-4.16
-4.16
-4.161
-4.1651
-4.17
-4.17
-4.17
-4.17
-4.17
-4.17
-4.17
-4.170655466
-4.170824759
-4.171445785
-4.1718
-4.172504242
-4.173484214
-4.173527062
-4.173606109
-4.177624494
-4.18
-4.18
-4.1836
-4.184066506
-4.1853
-4.186777609
-4.187
-4.187455475
-4.188747793
-4.1898
-4.19
-4.19
-4.190180529
-4.19123514
-4.192879941
-4.193381143
-4.193512904
-4.1938
-4.1939
-4.1949
-4.1958
-4.197152695
-4.197937601
-4.1992
-4.199879315
-4.2
-4.2
-4.2
-4.2
-4.2
-4.2
-4.200344179
-4.200866126
-4.2014
-4.20182067
-4.2031
-4.204573041
-4.206676943
-4.207
-4.207
-4.2084
-4.21
-4.210096102
-4.2107
-4.213178878
-4.214398951
-4.214415143
-4.214539206
-4.2155
-4.216746334
-4.216916663
-4.217
-4.2178
-4.219226833
-4.22
-4.22
-4.22
-4.22
-4.22
-4.220638859
-4.222
-4.2224
-4.223960359
-4.225003779
-4.225336978
-4.2262
-4.226234297
-4.226296416
-4.228834469
-4.229152992
-4.23
-4.23
-4.23
-4.23
-4.23
-4.23
-4.2324
-4.236722556
-4.2373
-4.239393124
-4.24
-4.24
-4.24
-4.24
-4.24
-4.24
-4.24
-4.242912069
-4.243811917
-4.2445
-4.246082833
-4.246128199
-4.2474
-4.2492
-4.25
-4.2502
-4.251431217
-4.252611554
-4.25717583
-4.257902463
-4.2597
-4.26
-4.26
-4.26
-4.26
-4.26
-4.26
-4.26
-4.2605
-4.261695179
-4.261751621
-4.2627
-4.2668
-4.267337592
-4.2686
-4.27
-4.27
-4.27
-4.27
-4.271
-4.2719
-4.2727
-4.274778498
-4.2798
-4.28
-4.28
-4.28
-4.280341584
-4.281694517
-4.281954413
-4.2822
-4.283204614
-4.2834
-4.285036897
-4.2856
-4.285895804
-4.286890723
-4.287064023
-4.287342935
-4.29
-4.29
-4.29
-4.29093415
-4.2918
-4.292313455
-4.292360124
-4.2929
-4.296805043
-4.297335855
-4.3
-4.3
-4.3
-4.3
-4.3
-4.3005
-4.300753722
-4.300754458
-4.3009
-4.3037
-4.304855444
-4.3056
-4.3063
-4.307910861
-4.3087
-4.31
-4.31
-4.3128
-4.313551537
-4.32
-4.32
-4.32
-4.32
-4.321140283
-4.3219
-4.321905689
-4.323794172
-4.3238
-4.3251
-4.3258
-4.3265
-4.326962323
-4.3288
-4.33
-4.33
-4.33
-4.33
-4.332499462
-4.333139569
-4.333192393
-4.3341
-4.34
-4.340908898
-4.343077858
-4.346469317
-4.3465
-4.346533711
-4.346837785
-4.3495
-4.349900579
-4.35
-4.35
-4.35
-4.35
-4.35
-4.3546
-4.356267835
-4.35885707
-4.36
-4.36
-4.36
-4.360607869
-4.3635
-4.365622838
-4.366128471
-4.3692
-4.37
-4.3701
-4.370701466
-4.374400038
-4.376425332
-4.37647432
-4.376546543
-4.376704974
-4.38
-4.38
-4.38
-4.38
-4.38
-4.38
-4.380910978
-4.381248689
-4.382357893
-4.3861
-4.386283287
-4.386289923
-4.386386418
-4.386874832
-4.386944624
-4.387910769
-4.388179382
-4.39
-4.39
-4.3901
-4.393183723
-4.3945
-4.3945
-4.396652185
-4.397559252
-4.397640735
-4.397643706
-4.397647462
-4.397651846
-4.3981
-4.399238344
-4.4
-4.4
-4.4
-4.4
-4.4
-4.4
-4.4
-4.4
-4.400250091
-4.402
-4.40774699
-4.4095
-4.41
-4.41
-4.410087437
-4.4101
-4.412762427
-4.413
-4.413922406
-4.4191
-4.4192
-4.42
-4.42
-4.42
-4.42
-4.420023997
-4.4213
-4.4216
-4.4252
-4.425503245
-4.425503245
-4.426122744
-4.4276
-4.4288
-4.428848848
-4.4291845
-4.4292
-4.43
-4.43
-4.43
-4.431016181
-4.43141298
-4.431426882
-4.431500154
-4.4321
-4.4325
-4.434690373
-4.4363
-4.4363
-4.437962659
-4.4384
-4.44
-4.44
-4.44
-4.44
-4.44
-4.44
-4.44
-4.4404
-4.4435
-4.4461
-4.446203904
-4.4492
-4.45
-4.4503
-4.450427718
-4.451139225
-4.4543817
-4.4544
-4.455633889
-4.4561
-4.4577
-4.4584
-4.458990177
-4.46
-4.46
-4.46
-4.46
-4.4603
-4.4611
-4.461779562
-4.4642
-4.4643
-4.464546178
-4.4651
-4.465332821
-4.468204398
-4.468216245
-4.468216245
-4.468248801
-4.4689
-4.469144878
-4.469462233
-4.47
-4.47
-4.47
-4.47
-4.47
-4.47
-4.47086065
-4.4709
-4.471540428
-4.4717
-4.472021768
-4.472808844
-4.4733
-4.4784
-4.4786
-4.48
-4.48
-4.48
-4.480440668
-4.4817
-4.489105335
-4.49
-4.49
-4.492785524
-4.493085819
-4.494572918
-4.494584477
-4.49802684
-4.5
-4.5
-4.5
-4.5
-4.500587238
-4.50074592
-4.501126952
-4.5035
-4.504386268
-4.5051
-4.509615108
-4.51
-4.512
-4.514309168
-4.514419394
-4.5152
-4.5171
-4.518
-4.518
-4.52
-4.52
-4.52
-4.52
-4.52
-4.52
-4.52
-4.52
-4.52
-4.52
-4.52
-4.5218
-4.5221
-4.522223117
-4.522614436
-4.523907797
-4.5241
-4.524775941
-4.53
-4.53
-4.53
-4.53
-4.53
-4.534838609
-4.536378597
-4.5371
-4.54
-4.5403
-4.5403
-4.540328223
-4.5412
-4.544220436
-4.5446
-4.5452
-4.55
-4.55
-4.55
-4.551002502
-4.552
-4.55256558
-4.552576424
-4.5525773
-4.5526
-4.5531
-4.553119611
-4.554
-4.554076293
-4.5591
-4.55976264
-4.56
-4.56
-4.561
-4.5619
-4.563351028
-4.566123099
-4.567302938
-4.568391044
-4.5695
-4.57
-4.57
-4.57
-4.57
-4.57
-4.57
-4.57
-4.571558359
-4.57167099
-4.5746
-4.576
-4.578402879
-4.578730408
-4.58
-4.58
-4.58
-4.581332511
-4.583092455
-4.5835
-4.584766278
-4.587250025
-4.588176842
-4.59
-4.59
-4.59
-4.59
-4.5916
-4.5922
-4.593683066
-4.594
-4.594581849
-4.595502564
-4.596065772
-4.5961
-4.598
-4.598598509
-4.6
-4.6
-4.6
-4.6
-4.6001
-4.601760724
-4.601799454
-4.601804969
-4.6021
-4.6024
-4.6026
-4.605114666
-4.606388779
-4.6064
-4.6084
-4.61
-4.61
-4.61
-4.61
-4.61
-4.611221235
-4.6168
-4.619536569
-4.619583571
-4.619923834
-4.62
-4.62
-4.620257788
-4.623441954
-4.628205844
-4.63
-4.63
-4.63
-4.63
-4.63
-4.6301
-4.6304
-4.63242095
-4.632799679
-4.634
-4.63414462
-4.6347
-4.6349
-4.635481621
-4.637948566
-4.637954089
-4.637956649
-4.637996985
-4.6383
-4.6399
-4.64
-4.64
-4.64
-4.643981404
-4.6442
-4.645140005
-4.6498
-4.65
-4.65
-4.652
-4.652434914
-4.6529288
-4.653202091
-4.653605269
-4.657243007
-4.657291227
-4.657318423
-4.6582
-4.65844166
-4.659958513
-4.66
-4.66
-4.660234439
-4.6613
-4.662064583
-4.667327783
-4.667787925
-4.669843542
-4.67
-4.67
-4.67
-4.670405271
-4.672502907
-4.672731896
-4.6772
-4.6776
-4.678690034
-4.68
-4.68
-4.68
-4.68
-4.68
-4.680367049
-4.680882096
-4.6828
-4.6835
-4.683590383
-4.684502457
-4.688326948
-4.69
-4.69
-4.69
-4.69
-4.692503939
-4.692503939
-4.692831503
-4.693292334
-4.6935
-4.6937
-4.6947
-4.698693615
-4.698703822
-4.7
-4.7
-4.7
-4.7
-4.7
-4.7
-4.7
-4.7
-4.7009
-4.701186127
-4.701811829
-4.702513826
-4.706
-4.7076
-4.708653825
-4.71
-4.71
-4.7101
-4.7103
-4.713587378
-4.7168
-4.72
-4.72
-4.72
-4.72
-4.7206
-4.720885866
-4.720975185
-4.7213
-4.7239
-4.726791601
-4.7274
-4.73
-4.73
-4.730940692
-4.7329
-4.7337
-4.734296245
-4.74
-4.74
-4.74
-4.74
-4.74
-4.74017718
-4.741570179
-4.742403021
-4.744424379
-4.744441402
-4.749
-4.755
-4.76
-4.76
-4.76
-4.761071931
-4.7626
-4.7631
-4.765268274
-4.7672
-4.768697467
-4.769290705
-4.77
-4.7704
-4.770880972
-4.772570424
-4.772922847
-4.77757407
-4.77931051
-4.7796
-4.78
-4.78
-4.78011829
-4.780941415
-4.781756093
-4.7874
-4.787470096
-4.788424219
-4.788985441
-4.79
-4.7925
-4.793227892
-4.794038183
-4.794973907
-4.795561248
-4.795583907
-4.795592331
-4.795595557
-4.796
-4.7982
-4.799620032
-4.7999
-4.799983961
-4.8
-4.8
-4.8
-4.8
-4.8003
-4.800973789
-4.80401091
-4.8041
-4.805974161
-4.807173711
-4.808
-4.809134189
-4.810584984
-4.8108
-4.8127
-4.81481019
-4.8179
-4.818703465
-4.82
-4.820595497
-4.820796026
-4.822986961
-4.823082033
-4.823642047
-4.82511681
-4.8276
-4.828233467
-4.828521956
-4.8292
-4.83
-4.83
-4.83
-4.831
-4.835973065
-4.837536592
-4.838817119
-4.84
-4.843867866
-4.843927714
-4.8441
-4.847279535
-4.8487
-4.8493
-4.849542252
-4.85
-4.85
-4.85
-4.85
-4.85
-4.8532
-4.853488835
-4.853501143
-4.853538351
-4.853551463
-4.853623174
-4.858
-4.86
-4.86
-4.86
-4.86
-4.86
-4.861741107
-4.862
-4.8638
-4.863891631
-4.867097266
-4.869398243
-4.869471103
-4.87
-4.87
-4.870866208
-4.871
-4.8727
-4.87307926
-4.873295836
-4.875700653
-4.8772
-4.88
-4.88
-4.883187113
-4.885761586
-4.885784366
-4.886549003
-4.889
-4.89
-4.891655533
-4.892804854
-4.894533238
-4.8953
-4.9
-4.9
-4.9
-4.9
-4.9
-4.9025
-4.9058
-4.909505216
-4.91
-4.91
-4.91
-4.91
-4.91
-4.9111
-4.9115
-4.912
-4.915649994
-4.918566536
-4.918998851
-4.919958553
-4.92
-4.92
-4.92
-4.920501464
-4.920553126
-4.92245094
-4.9242
-4.925
-4.928855971
-4.93
-4.936725416
-4.937209456
-4.9376
-4.94
-4.9405
-4.941791315
-4.9432
-4.943737963
-4.945016986
-4.9453
-4.9455
-4.947028744
-4.948
-4.9489
-4.9495
-4.9499
-4.95
-4.95
-4.950431795
-4.952868803
-4.953059619
-4.954296793
-4.9544
-4.958327968
-4.958380068
-4.958733139
-4.959305967
-4.9595
-4.96
-4.96
-4.96
-4.96
-4.960419449
-4.960875455
-4.9644
-4.96628264
-4.96733793
-4.97
-4.9703
-4.975513502
-4.975624785
-4.9787
-4.979874504
-4.98
-4.98
-4.98
-4.985758302
-4.987825809
-4.99
-4.99
-4.991737621
-4.995753937
-4.99962443
-4.999639467
-4.999660085
-4.999663414
-4.999692618
-4.999695094
-4.999713907
-4.999994562
-5.0
-5.0
-5.0
-5.0
-5.000794033
-5.003638344
-5.006428958
-5.0097
-5.01
-5.01
-5.01
-5.010485646
-5.015236372
-5.0169
-5.02
-5.02
-5.02063787
-5.021975847
-5.022027024
-5.022602512
-5.023754804
-5.023776406
-5.0248
-5.025247952
-5.0261
-5.026569135
-5.027
-5.028666923
-5.029134765
-5.03
-5.0303
-5.031142113
-5.0313
-5.035343004
-5.0365
-5.03682594
-5.0389
-5.04
-5.04
-5.0402
-5.041697833
-5.044402243
-5.044904706
-5.044942887
-5.045264286
-5.045379055
-5.045380804
-5.045453454
-5.045878208
-5.0484
-5.048911582
-5.05
-5.050316162
-5.054393659
-5.055237982
-5.056117837
-5.0574
-5.05759511
-5.06
-5.06
-5.06
-5.06
-5.0605
-5.0609
-5.061459548
-5.062270146
-5.06253686
-5.066402363
-5.06653389
-5.070092502
-5.070513482
-5.0706
-5.0774
-5.0797
-5.08
-5.08
-5.08
-5.08
-5.08
-5.080629655
-5.0813
-5.082600349
-5.084664439
-5.085894631
-5.087357351
-5.087662615
-5.089686144
-5.09
-5.09
-5.09
-5.09
-5.09
-5.09
-5.0963
-5.096603166
-5.096605977
-5.096631964
-5.0981
-5.098222153
-5.099487786
-5.099487786
-5.102079378
-5.103601915
-5.105290731
-5.108420439
-5.1086
-5.11
-5.11
-5.112570051
-5.113404326
-5.117460594
-5.118903474
-5.12
-5.123168748
-5.123582907
-5.1241
-5.1244
-5.13
-5.130514687
-5.1307
-5.133233152
-5.136722389
-5.1395
-5.14
-5.142612081
-5.142667396
-5.143219117
-5.1467
-5.1467
-5.1485
-5.14904043
-5.1495
-5.15
-5.15
-5.151636178
-5.152
-5.153
-5.154008587
-5.15451308
-5.15457427
-5.15458467
-5.154590139
-5.15459497
-5.1546
-5.154602687
-5.154625897
-5.15463632
-5.155961214
-5.156094631
-5.156360408
-5.159680215
-5.16
-5.16
-5.1655
-5.166184625
-5.169478497
-5.17
-5.170401078
-5.171234853
-5.172056518
-5.1722
-5.172243789
-5.176510186
-5.18
-5.1821
-5.182405388
-5.183
-5.184
-5.185848833
-5.188357482
-5.189881345
-5.19
-5.19
-5.19
-5.19
-5.19
-5.19
-5.1901
-5.1903
-5.1905
-5.193519738
-5.1939
-5.195
-5.199
-5.199912698
-5.2
-5.2002
-5.204
-5.207353572
-5.2094
-5.21
-5.21
-5.21
-5.21042762
-5.2117
-5.2151
-5.2172
-5.217950889
-5.2184
-5.22
-5.22
-5.22
-5.22
-5.2203
-5.220635674
-5.221545394
-5.221558426
-5.221567418
-5.22157236
-5.221576468
-5.22157692
-5.221604658
-5.2239
-5.229282852
-5.23
-5.23
-5.23
-5.2379
-5.238559032
-5.238695804
-5.2394
-5.239735444
-5.24
-5.24
-5.24
-5.2409
-5.25
-5.25
-5.250349512
-5.250601069
-5.253149755
-5.253985152
-5.259337865
-5.2594
-5.26
-5.2605
-5.263224655
-5.2692
-5.27
-5.27
-5.27
-5.270303761
-5.2721
-5.273398705
-5.2795
-5.28
-5.28
-5.28
-5.2804
-5.2826
-5.2838
-5.284725265
-5.2878
-5.289969947
-5.29
-5.2917
-5.2939
-5.2966
-5.298
-5.2993
-5.3
-5.3
-5.3
-5.300639441
-5.300730722
-5.300734601
-5.300753321
-5.30075433
-5.300769622
-5.306582846
-5.3093
-5.309407137
-5.309501064
-5.31
-5.3106
-5.311038629
-5.3154
-5.32
-5.32
-5.32
-5.325018234
-5.327616624
-5.3293
-5.33
-5.335319968
-5.335685932
-5.336952959
-5.3403
-5.345705158
-5.347977516
-5.3495
-5.3498
-5.35
-5.35
-5.352666728
-5.3544
-5.354573108
-5.354799685
-5.3576
-5.358
-5.359014668
-5.36
-5.3619
-5.3633
-5.363817292
-5.365156254
-5.366243607
-5.3669
-5.367585356
-5.3694
-5.3698
-5.37
-5.371522306
-5.3723
-5.377540581
-5.379201886
-5.382
-5.3835
-5.3842
-5.3844
-5.38453799
-5.384616815
-5.386213837
-5.386845616
-5.387355317
-5.392552751
-5.393383395
-5.394286712
-5.3968
-5.396978743
-5.397501155
-5.397515352
-5.397592519
-5.39761128
-5.39762669
-5.397627991
-5.397629332
-5.397631053
-5.39763496
-5.397638845
-5.397668179
-5.397699237
-5.3999
-5.4
-5.4
-5.4
-5.4002
-5.401939627
-5.4025
-5.405053261
-5.408649875
-5.4088
-5.41
-5.412221914
-5.412894457
-5.415041201
-5.415414768
-5.42
-5.42
-5.42
-5.420152134
-5.422780359
-5.42454755
-5.426641039
-5.43
-5.435323474
-5.437
-5.4374
-5.438370605
-5.44
-5.44
-5.440787474
-5.444
-5.444898911
-5.449126022
-5.451460763
-5.451599262
-5.451794109
-5.4535
-5.453967767
-5.454848129
-5.455655566
-5.456575257
-5.4575
-5.458398413
-5.46
-5.460037419
-5.462311288
-5.463097207
-5.4668
-5.468213839
-5.469558378
-5.47
-5.47
-5.47
-5.4703
-5.47300058
-5.474677518
-5.475024349
-5.4752
-5.48
-5.48
-5.481214562
-5.4817
-5.488370089
-5.49
-5.49192521
-5.493585254
-5.495120243
-5.4956
-5.495914846
-5.496412982
-5.496890424
-5.498714031
-5.499417627
-5.506567843
-5.5072
-5.5083
-5.508643208
-5.509793728
-5.51
-5.51
-5.51
-5.5111
-5.512605542
-5.513312746
-5.513798048
-5.514028148
-5.515281581
-5.517335043
-5.5186
-5.52
-5.5201
-5.521957278
-5.522488191
-5.522554809
-5.522566728
-5.522571363
-5.522572594
-5.522573697
-5.5226481
-5.52363608
-5.5263
-5.5299
-5.529966163
-5.53
-5.5307
-5.53070544
-5.530921641
-5.532537815
-5.533333117
-5.535398328
-5.537300066
-5.5375
-5.539863641
-5.54
-5.54
-5.5433
-5.547231918
-5.549793345
-5.549815883
-5.549815883
-5.55
-5.551148121
-5.552567737
-5.552584579
-5.5526
-5.553210296
-5.558846833
-5.560732278
-5.5664
-5.566509378
-5.566810733
-5.567720212
-5.569
-5.569345786
-5.57
-5.5712
-5.575133655
-5.5754
-5.58
-5.58
-5.5836
-5.583643126
-5.584741475
-5.5851
-5.5864
-5.5894
-5.59
-5.59
-5.59
-5.593122622
-5.5934
-5.593642663
-5.5959
-5.596058626
-5.5968
-5.599170695
-5.6042
-5.609857774
-5.61
-5.61
-5.613
-5.6133
-5.613599775
-5.6161
-5.616551128
-5.62
-5.6201
-5.621635269
-5.624837561
-5.6281
-5.629397555
-5.63
-5.633055848
-5.634046793
-5.637964209
-5.64
-5.64
-5.64
-5.64
-5.645086143
-5.6466
-5.647161854
-5.648400548
-5.65
-5.6516
-5.6562324
-5.6576
-5.657902962
-5.66
-5.66
-5.6603
-5.661813632
-5.6635
-5.668842338
-5.66920434
-5.669893078
-5.67
-5.671591194
-5.674
-5.675923082
-5.676541809
-5.6768
-5.6768
-5.677354708
-5.6783
-5.678834198
-5.6798
-5.68
-5.682215721
-5.683242448
-5.683910105
-5.69
-5.69286018
-5.694106411
-5.697952564
-5.698185321
-5.698590622
-5.698622515
-5.698649574
-5.698664911
-5.698664956
-5.698665985
-5.698668439
-5.698669776
-5.698674609
-5.698697329
-5.698718799
-5.698719677
-5.7
-5.7
-5.7023
-5.7037
-5.706573948
-5.708288297
-5.7196
-5.72
-5.72
-5.72005506
-5.724958732
-5.735147106
-5.738072007
-5.744433964
-5.745185694
-5.747595864
-5.747969532
-5.748197572
-5.75
-5.7524
-5.756557
-5.76
-5.76
-5.76
-5.767784581
-5.768464941
-5.771545225
-5.774
-5.775274192
-5.7769
-5.777924822
-5.7787
-5.7905
-5.790560824
-5.7963
-5.7983
-5.8
-5.805457995
-5.808172472
-5.812990187
-5.816819422
-5.82
-5.82
-5.8221
-5.822918943
-5.827328879
-5.832680461
-5.835720369
-5.836
-5.8367
-5.837
-5.839
-5.84
-5.84194731
-5.8479
-5.848587947
-5.8487
-5.85
-5.85
-5.853064556
-5.853600467
-5.8541
-5.8541
-5.8541
-5.85712424
-5.859
-5.863344894
-5.867639522
-5.87
-5.8729
-5.8739
-5.883696695
-5.886
-5.8892
-5.89
-5.893768237
-5.8957
-5.9
-5.9003
-5.90030157
-5.903789723
-5.905407865
-5.91
-5.91
-5.915
-5.916
-5.91714268
-5.92
-5.920527377
-5.9217
-5.92315685
-5.93
-5.93
-5.931
-5.9343
-5.936026172
-5.93729046
-5.94156112
-5.942994641
-5.945
-5.949075231
-5.95
-5.95
-5.950428144
-5.954482552
-5.954976972
-5.955730007
-5.9563
-5.9592
-5.96
-5.961394278
-5.963849488
-5.964168762
-5.964586446
-5.9648
-5.965154646
-5.968106767
-5.9694
-5.969586401
-5.97
-5.97
-5.977939493
-5.98
-5.982115268
-5.982567027
-5.984242497
-5.984684801
-5.985957899
-5.99
-5.998459357
-5.998680608
-5.998699322
-5.998718284
-5.998983993
-5.999106627
-5.999481603
-5.999614761
-5.999665688
-5.999695094
-5.99969806
-5.999701396
-5.999706263
-5.999708704
-5.999711636
-5.999723611
-6.0
-6.0
-6.0
-6.0
-6.0
-6.000481949
-6.0092
-6.01
-6.01
-6.01
-6.010780355
-6.01184247
-6.014
-6.0171
-6.017546673
-6.0177
-6.02
-6.04
-6.042384349
-6.045455555
-6.0474
-6.05
-6.05
-6.0524
-6.055946609
-6.057758885
-6.06
-6.0604
-6.066512278
-6.07
-6.073534809
-6.0807
-6.0864
-6.088238681
-6.0892
-6.096610382
-6.096610382
-6.096614866
-6.09944947
-6.102526939
-6.107793161
-6.1094
-6.11
-6.1119
-6.117146249
-6.12
-6.12
-6.124
-6.126735167
-6.13
-6.1366
-6.137134395
-6.14
-6.1439
-6.144
-6.15
-6.1517
-6.156487599
-6.1611
-6.163940179
-6.16734062
-6.170927319
-6.1799
-6.19
-6.194649109
-6.1958
-6.198752558
-6.2013011
-6.201435362
-6.21
-6.211736201
-6.214227985
-6.214524895
-6.2196
-6.22
-6.2264
-6.23
-6.230113619
-6.2375
-6.23863564
-6.239449641
-6.24
-6.240523569
-6.2447
-6.246331133
-6.25
-6.253493517
-6.256077616
-6.260769992
-6.263770478
-6.269
-6.269131018
-6.275970815
-6.279395406
-6.287
-6.287739939
-6.2893
-6.29
-6.29
-6.2908
-6.2918
-6.293
-6.293710563
-6.2949
-6.295424349
-6.2999
-6.3
-6.3
-6.3001
-6.300729086
-6.301
-6.301101648
-6.30586781
-6.30760853
-6.314069371
-6.327740788
-6.327772594
-6.33
-6.33
-6.335189016
-6.337017381
-6.337261665
-6.350206051
-6.350325564
-6.3508
-6.354159334
-6.356030959
-6.3563
-6.364408865
-6.373645635
-6.377738451
-6.378367614
-6.382029914
-6.384616815
-6.39
-6.39
-6.3931
-6.3943
-6.4001
-6.40319542
-6.405660228
-6.41
-6.41219838
-6.417202563
-6.4243
-6.43
-6.43
-6.4372
-6.441684141
-6.445626155
-6.446040594
-6.44975236
-6.451104534
-6.451761881
-6.45772642
-6.46
-6.46
-6.461251172
-6.474168897
-6.475024349
-6.477673979
-6.478515993
-6.479738422
-6.480660768
-6.481477027
-6.489140234
-6.490069011
-6.491719256
-6.4939
-6.493940207
-6.495513117
-6.496301265
-6.497781397
-6.5
-6.51
-6.514367091
-6.517040294
-6.52
-6.5209
-6.52202092
-6.522592693
-6.5279993
-6.528392147
-6.5362
-6.5363
-6.5407
-6.553787585
-6.5557
-6.558090281
-6.56
-6.5648
-6.565096595
-6.568661207
-6.568874945
-6.57
-6.5727
-6.578940476
-6.58
-6.587338232
-6.5891
-6.591929049
-6.592
-6.595120185
-6.597038826
-6.600567801
-6.600567801
-6.602799271
-6.602799271
-6.602799271
-6.61
-6.61
-6.61539022
-6.616
-6.618719326
-6.61940343
-6.621667442
-6.621817899
-6.623038672
-6.625
-6.6262
-6.6277
-6.628141567
-6.630104322
-6.636031296
-6.6375
-6.64
-6.643865624
-6.644
-6.644
-6.649738161
-6.65
-6.65
-6.65
-6.654998171
-6.655742376
-6.655885563
-6.656649109
-6.6594
-6.66
-6.661487316
-6.6637
-6.667295084
-6.67
-6.670353837
-6.670869008
-6.672808806
-6.6782
-6.680445321
-6.6813
-6.682020458
-6.683201134
-6.692582562
-6.693
-6.7
-6.7
-6.700119715
-6.7023
-6.705444298
-6.707031139
-6.709998828
-6.71713979
-6.7197753
-6.7243
-6.731677773
-6.733128222
-6.735207192
-6.75
-6.75213453
-6.756602507
-6.757097539
-6.77
-6.77
-6.77
-6.77
-6.771509907
-6.772570424
-6.776311258
-6.7798
-6.7798
-6.78
-6.782690092
-6.785897843
-6.7886
-6.789589525
-6.796
-6.79723893
-6.798351882
-6.8
-6.806302611
-6.806908841
-6.8074
-6.812907461
-6.813060611
-6.8137
-6.815976001
-6.8162
-6.82
-6.820895007
-6.8245
-6.8299
-6.83
-6.8304565
-6.832007908
-6.836753134
-6.84
-6.840626685
-6.841087952
-6.8485
-6.849323576
-6.8496
-6.85205403
-6.853146782
-6.855595469
-6.8573
-6.86
-6.860411082
-6.867639522
-6.869904941
-6.8754
-6.876976741
-6.8786
-6.8863
-6.888808288
-6.889187497
-6.89
-6.8946
-6.894954848
-6.8969
-6.899492196
-6.8995
-6.9
-6.9004
-6.904485627
-6.905873561
-6.9069
-6.912156137
-6.91873366
-6.9197
-6.925783782
-6.926267992
-6.9278
-6.929013035
-6.933092295
-6.93344173
-6.94
-6.947445159
-6.95
-6.9515
-6.953686491
-6.954694347
-6.955006196
-6.956772372
-6.96
-6.963714867
-6.964445851
-6.9675
-6.97
-6.971234419
-6.971983321
-6.97376589
-6.97376589
-6.975819717
-6.978287061
-6.979034273
-6.979936669
-6.98
-6.98
-6.98122586
-6.983571154
-6.983720983
-6.99
-6.9904282
-7.0
-7.0
-7.0057
-7.007487981
-7.012009544
-7.016412077
-7.019520889
-7.02
-7.0217
-7.02202606
-7.024810856
-7.025125555
-7.04
-7.04
-7.04
-7.04
-7.04359803
-7.046360074
-7.048812621
-7.0502
-7.050931183
-7.057520047
-7.060548154
-7.0641
-7.066625646
-7.068063351
-7.07
-7.07101808
-7.090503766
-7.094152366
-7.100195364
-7.100221625
-7.112066324
-7.113399141
-7.115885254
-7.116029628
-7.12
-7.122461047
-7.123886253
-7.1299
-7.13
-7.133614478
-7.133803789
-7.138082495
-7.14
-7.14
-7.1419
-7.143562702
-7.155088449
-7.1568
-7.16
-7.16
-7.169736136
-7.171667045
-7.179920249
-7.18023716
-7.185390564
-7.188496045
-7.188638134
-7.1895
-7.19172722
-7.2
-7.2006
-7.202332762
-7.204596088
-7.208650928
-7.21
-7.2135
-7.214642713
-7.2168
-7.22
-7.23
-7.23
-7.2311
-7.231973426
-7.24
-7.24
-7.2429
-7.244046096
-7.248195509
-7.2505
-7.252394502
-7.253899898
-7.254042677
-7.26
-7.26274955
-7.263233538
-7.271182465
-7.273925856
-7.284910561
-7.292308693
-7.300465045
-7.304443807
-7.31
-7.31
-7.3102
-7.312033591
-7.312230264
-7.3149
-7.315402454
-7.3166
-7.32
-7.32
-7.32
-7.3209
-7.321
-7.3213
-7.323686796
-7.325679101
-7.3263
-7.327107482
-7.327113617
-7.32811446
-7.33
-7.33
-7.330901471
-7.332831336
-7.337
-7.338158893
-7.34
-7.341090118
-7.343
-7.35
-7.35
-7.355606283
-7.375301399
-7.378019409
-7.38
-7.380942773
-7.3867
-7.395233539
-7.395301899
-7.397152994
-7.397875398
-7.3999
-7.3999
-7.4
-7.4033
-7.405668446
-7.417968366
-7.419805396
-7.423828912
-7.43
-7.432469538
-7.4325
-7.438461097
-7.44
-7.44
-7.44
-7.455526833
-7.456475388
-7.4604
-7.461800322
-7.469064653
-7.47
-7.4721
-7.47281997
-7.473779877
-7.476148795
-7.481773695
-7.483
-7.484220298
-7.487633218
-7.49
-7.498558651
-7.509558903
-7.5163
-7.516526119
-7.516530086
-7.52
-7.52
-7.5226
-7.5229
-7.5245
-7.525540341
-7.528009903
-7.53
-7.532414872
-7.54
-7.541446627
-7.544026474
-7.549181312
-7.5505
-7.553792438
-7.56
-7.56
-7.56321449
-7.564993732
-7.573831768
-7.5746
-7.58
-7.581973548
-7.582934488
-7.591458634
-7.5936
-7.602120788
-7.605298094
-7.61
-7.61189317
-7.61540826
-7.6194
-7.62
-7.622859284
-7.62669423
-7.630599326
-7.631732206
-7.633199042
-7.634485568
-7.635822708
-7.638280591
-7.64
-7.641525668
-7.6499
-7.65
-7.66
-7.66
-7.663343734
-7.6637
-7.664711532
-7.67
-7.677004362
-7.678196264
-7.686491033
-7.69168325
-7.7
-7.704078415
-7.711832978
-7.717157144
-7.72175787
-7.724189002
-7.744015885
-7.75
-7.751246762
-7.76
-7.76
-7.763261262
-7.7699
-7.77
-7.770909423
-7.782007082
-7.783778559
-7.7954
-7.8
-7.800359899
-7.8201
-7.8207
-7.8218
-7.8228
-7.825073045
-7.8292
-7.83
-7.83
-7.830038235
-7.830582617
-7.835715931
-7.846560339
-7.86
-7.8613
-7.86138265
-7.8728
-7.88
-7.882271355
-7.89
-7.89163614
-7.905255356
-7.9081
-7.91
-7.91
-7.9107
-7.916
-7.92
-7.92
-7.92
-7.926046985
-7.93
-7.931847578
-7.931857078
-7.931983782
-7.94
-7.94
-7.9407
-7.94522478
-7.95
-7.95
-7.9503
-7.9541
-7.959
-7.96
-7.96
-7.965810564
-7.96678917
-7.971771107
-7.973715535
-7.980671353
-7.981147657
-7.981473646
-7.982807307
-7.985818524
-7.99
-7.991102511
-7.992627599
-4.1
-2.28
-3.95
-4.23
-5.51
-3.05
-1.71997
-4.001
-4.347
-3.29
-7.199998
-2.0
-3.494
-4.9
-2.43
-3.211
-0.6
-1.83
0.36
-4.4
-1.539
-3.78
-1.40229
-0.24
-0.397
-3.509
-7.020001
-4.86
-4.73
-3.68
-4.71725
0.94
-1.773
-1.6
-4.53
-0.09
-3.82
-3.02497
-1.16
0.62
-2.55
-4.3
-7.959992
-3.018
-5.88
-2.91256
-2.41
-5.54
-1.579
-1.98497
-0.15
-3.912
-0.3
0.43
-0.74
-1.91
-3.656
-4.48
-3.8
-4.26
-0.24
-6.21
-2.937
-4.77
-0.72
-2.145
-2.6
-5.654971
0.01
-1.96
-4.95
-0.98
-5.69
-5.66
-2.15
0.239374
-0.805
-2.24
-0.815
-3.48
-4.473
-0.74473
-5.89
0.02
-0.29
-5.324
-2.81
-2.58
-5.66
-6.62
-3.38497
-4.54
-4.10651
-4.37
-2.44
-2.92
-4.235
0.79
1.1
-4.021
-4.71
-3.76
-4.65446
-5.84
-0.11
-6.29
-3.4
-0.62
0.61
-2.66815
-0.43
0.521792
-0.03
-5.18
-0.959
1.58
-4.35
-0.918
-3.02
-0.6
-4.23
-4.33587
-5.85
-1.96
-3.7326
-2.07
0.43
-2.36
-5.094
-1.795
-4.16
-2.56
-1.95466
-2.32
-3.74
0.96
-1.348
-5.906
-3.99
-2.82
-2.31
-3.3711
1.09
-1.959
-1.38663
-0.28
-2.167
-5.639
-0.19
-0.42
-3.07931
-0.62
-1.46
-4.06153
-3.35
-0.938
-5.51
-1.229
-4.93
0.944261
-0.112
-0.38
-4.29
-4.93
-3.193
-2.759
-1.77
-5.26
0.28
1.11
-2.542
-1.62
-6.042
-4.63015
-7.869988
-3.97988
1.02
-2.759
-2.81913
-2.09
0.84
-0.42
-1.038
-2.17
-1.568
-5.87
-5.22
1.07
-5.054741
-0.29
-6.589999
-2.58
-0.46
0.083568
-1.2655
0.97
-4.871
-5.945064
-4.61
-4.55319
-3.8
-0.27
-6.959999
-4.449
-5.27
-3.59
1.34
-2.09
-4.06
-3.73
-5.22
-5.05
-4.69948
-6.679999
0.07
-4.1915
-7.160001
-3.93
-0.56543
1.07
-4.19
-0.7
-6.08
0.38
-4.82
0.970115
-7.596665
-4.114
-2.6
-1.815
0.38
-4.63622
-2.61
-3.671
-4.489
-2.92
-6.589107
-1.37
-4.789885
-1.407
-3.027
-1.367
-6.639999
-0.41
-5.269
-2.36
-1.45272
-4.53
-4.79
-0.17
-1.948
-1.55
-5.23
-6.809999
-0.74
-1.74
-3.42
-5.649453
-2.48
-2.86
-0.85
-7.39
-4.89
-0.7
0.050732
-4.272
-5.27
-4.6
1.0
-3.59
-3.3
-5.512673
-5.72
-4.966
-3.38927
-0.85
-2.77844
-3.39
-0.55
-4.08
0.74
0.85
-2.138
-0.495
-5.05
-0.8
-1.845
-6.570001
-1.206
-4.353
-5.08
-6.509999
-3.37
0.14
-3.46
-3.36264
-4.11
-1.087
-0.29
0.38
-3.85453
-2.6939
-4.11
-5.84
-4.21
-0.2
-7.250001
-1.00776
0.43
-0.07
-1.56
-2.34
0.46
-6.2
-1.77
-3.79244
-2.909
-2.77
-0.43
-2.15
0.06
-0.737
-0.4
-7.919987
0.28
0.65
-0.17
-1.367
-2.747
-5.8
-3.9
-5.93
-1.265
-7.850011
-4.28474
-0.385209
-3.561
-1.155
0.3
-2.686
-3.64378
-5.16
-4.28517
-1.178
-3.2241
1.14
0.1
1.1
-6.62
-1.0
-1.85
-4.18
-1.573
-4.21
-2.57
-5.82
-4.81
-3.94
-0.95
-1.74
-1.276
-1.088
-1.04
-2.12
-4.67
-2.719
-2.82
-1.42
-4.43
-5.21
-3.98
-4.34008
-0.224117
-7.279998
-4.47
-1.77
0.26
-4.118
-1.65
-4.58
0.04
-4.31
-4.37
-0.22
-0.74
0.04
-2.48
-4.68418
-3.55212
-2.3777
-2.33
-3.078
-2.63
-3.54
-5.11
-2.92725
-1.268
0.08
-3.35
-7.32
0.38
-3.04
0.96
-4.88
-3.63
-1.15489
-6.436607
-0.41
-3.745
-3.46
-3.15
-0.729
0.58
-7.830002
-2.48
-5.2395
-1.16115
-3.63977
-0.338
-5.324741
-0.85
-4.38
-4.55
-4.74
-4.967883
-3.165
0.48
-2.403
-4.88
-2.503
-0.2
-1.73737
-4.74
-3.19
-2.69
0.51
-3.61
0.49
-3.2
0.36
-4.74
-5.699
-3.357
-4.43
-2.39
-6.09
-2.401
-2.866
-4.48
-5.41
-4.55
-5.47
-0.82
-4.2557
-2.81581
0.45
-2.861
1.57
-1.078
-0.72
-3.509
-4.38
-2.68
-6.1367
1.08
-4.05
-4.65
-4.24
-4.31
-2.751
-2.15
-3.68
-2.71
-3.38
-2.83
-0.81
-3.259
0.23
-0.41
-1.099
-4.43
1.1
-5.24
1.12
-7.8
-4.41
-4.58
-0.52
-5.790116
-0.72
-1.61
-2.31988
-4.57
-0.42
-4.62
-5.508497
-7.939529
-3.85
-2.68
-6.12
-3.79357
-3.52058
-0.35
-4.6983
-4.64
-6.779999
-1.908
-2.08
-3.72126
-3.946
-2.13
-2.86
-6.56228
-0.70497
-6.98
-7.04
